123 123 123 123 123
123 123 123 123 123
123 123 123 123 123
123 123 123 123 123
123 123 123 123 123
123 123 123 123 123
123 123 123 123 123
123 123 123 123 123 
123 123 123 123 123
123 123 123 123 123 
123 123 123 123 123
123 123 123 123 123
123 123 123 123 123
123 123 123 123 123
123 123 123 123 123
123 123 123 123 123
123 123 123 123 123
123 123 123 123 123
123 123 123 123 123
123 123 123 123 123
123 123 123 123 123
123 123 123 123 123
123 123 123 123 123
123 123 123 123 123
123 123 123 123 123
123 123 123 123 123
123 123 123 123 123
123 123 123 123 123 
123 123 123 123 123
123 123 123 123 123
123 123 123 123 123
123 123 123 123 123 
123 123 123 123 123
123 123 123 123 123 
123 123 123 123 123
123 123 123 123 123
123 123 123 123 123
123 123 123 123 123
123 123 123 123 123
123 123 123 123 123
123 123 123 123 123
123 123 123 123 123
123 123 123 123 123
123 123 123 123 123
123 123 123 123 123
123 123 123 123 123
123 123 123 123 123
123 123 123 123 123
123 123 123 123 123
123 123 123 123 123
123 123 123 123 123
123 123 123 123 123
123 123 123 123 123
123 123 123 123 123
123 123 123 123 123
123 123 123 123 123
123 123 123 123 123
123 123 123 123 123
123 123 123 123 123
123 123 123 123 123
123 123 123 123 123
123 123 123 123 123
123 123 123 123 123
123 123 123 123 123
123 123 123 123 123
123 123 123 123 123
123 123 123 123 123
123 123 123 123 123
123 123 123 123 123
123 123 123 123 122
123 123 123 123 123
123 123 123 123 123
123 123 123 123 123
123 123 123 123 123
123 123 123 123 123
123 123 123 123 123
123 123 123 123 123
123 123 123 123 123
123 123 123 123 123
123 123 123 123 123
123 123 123 123 123
123 123 123 123 123
123 123 123 123 123
123 123 123 123 123
123 123 123 123 123
123 123 123 123 123
123 123 123 123 123
123 123 123 123 123
123 123 123 123 123
123 123 123 123 123
123 123 123 123 123
123 123 123 123 123
123 123 123 123 123
123 123 123 123 123
123 123 123 123 123
123 123 123 123 123
123 123 123 123 123
123 123 123 123 123
123 123 123 123 123
123 123 123 123 123
1234 1234 1234 1234 1234
1234 1234 1234 1234 1234
1234 1234 1234 1234 1234
1234 1234 1234 1234 1234
1234 1234 1234 1234 1234
1234 1234 1234 1234 1234
1234 1234 1234 1234 1234 
1234 1234 1234 1234 1234
1234 1234 1234 1234 1234
1234 1234 1234 1234 1234
1234 1234 1234 1234 1234
1234 1234 1234 1234 1234
1234 1234 1234 1234 1234
1234 1234 1234 1234 1234
1234 1234 1234 1234 1234
1234 1234 1234 1234 1234
1234 1234 1234 1234 1234 
1234 1234 1234 1234 1234
1234 1234 1234 1234 1234
1234 1234 1234 1234 1234
1234 1234 1234 1234 1234
1234 1234 1234 1234 1234
1234 1234 1234 1234 1234
1234 1234 1234 1234 1234
1234 1234 1234 1234 1234
1234 1234 1234 1234 1234
1234 1234 1234 1234 1234 
1234 1234 1234 1234 1234
1234 1234 1234 1234 1234
1234 1234 1234 1234 1234
1234 1234 1234 1234 1234
1234 1234 1234 1234 1234
1234 1234 1234 1234 1234
1234 1234 1234 1234 1234
1234 1234 1234 1234 1234
1234 1234 1234 1234 1234
1234 1234 1234 1234 1234 
1234 1234 1234 1234 1234
1234 1234 1234 1234 1234
1234 1234 1234 1234 1234
1234 1234 1234 1234 1234
1234 1234 1234 1234 1234
1234 1234 1234 1234 1234
1234 1234 1234 1234 1234
1234 1234 1234 1234 1234
1234 1234 1234 1234 1234
1234 1234 1234 1234 1234 
1234 1234 1234 1234 1234
1234 1234 1234 1234 1234
1234 1234 1234 1234 1234
1234 1234 1234 1234 1234
1234 1234 1234 1234 1234
1234 1234 1234 1234 1234
1234 1234 1234 1234 1234
1234 1234 1234 1234 1234
1234 1234 1234 1234 1234
1234 1234 1234 1234 1234 
1234 1234 1234 1234 1234
1234 1234 1234 1234 1234
1234 1234 1234 1234 1234
1234 1234 1234 1234 1234
1234 1234 1234 1234 1234
1234 1234 1234 1234 1234
1234 1234 1234 1234 1234
1234 1234 1234 1234 1234
1234 1234 1234 1234 1234
1234 1234 1234 1234 1234 
1234 1234 1234 1234 1234
1234 1234 1234 1234 1234
1234 1234 1234 1234 1234
1234 1234 1234 1234 1234
1234 1234 1234 1234 1234
1234 1234 1234 1234 1234
1234 1234 1234 1234 1234
1234 1234 1234 1234 1234
1234 1234 1234 1234 1234
1234 1234 1234 1234 1234 
1234 1234 1234 1234 1234
1234 1234 1234 1234 1234
1234 1234 1234 1234 1234
1234 1234 1234 1234 1234
1234 1234 1234 1234 1234
1234 1234 1234 1234 1234
1234 1234 1234 1234 1234
1234 1234 1234 1234 1234
1234 1234 1234 1234 1234
1234 1234 1234 1234 1234 
1234 1234 1234 1234 1234
1234 1234 1234 1234 1234
1234 1234 1234 1234 1234
1234 1234 1234 1234 1234
1234 1234 1234 1234 1234
1234 1234 1234 1234 1234
1234 1234 1234 1234 1234
1234 1234 1234 1234 1234
1234 1234 1234 1234 1234
1234 1234 1234 1234 1234 
1234 1234 1234 1234 1234
1234 1234 1234 1234 1234
1234 1234 1234 1234 1234
1234 1234 1234 1234 1234
1234 1234 1234 1234 1234
1234 1234 1234 1234 1234
1234 1234 1234 1234 1234
1234 1234 1234 1234 1234
1234 1234 1234 1234 1234
1234 1234 1234 1234 1234 
1234 1234 1234 1234 1234
1234 1234 1234 1234 1234
1234 1234 1234 1234 1234
1234 1234 1234 1234 1234
1234 1234 1234 1234 1234
1234 1234 1234 1234 1234
1234 1234 1234 1234 1234
1234 1234 1234 1234 1234
1234 1234 1234 1234 1234
1234 1234 1234 1234 1234 
1234 1234 1234 1234 1234
1234 1234 1234 1234 1234
1234 1234 1234 1234 1234
1234 1234 1234 1234 1234
1234 1234 1234 1234 1234
1234 1234 1234 1234 1234
1234 1234 1234 1234 1234
1234 1234 1234 1234 1234
1234 1234 1234 1234 1234
1234 1234 1234 1234 1234 
1234 1234 1234 1234 1234
1234 1234 1234 1234 1234
1234 1234 1234 1234 1234
1234 1234 1234 1234 1234
1234 1234 1234 1234 1234
1234 1234 1234 1234 1234
1234 1234 1234 1234 1234
1234 1234 1234 1234 1234
1234 1234 1234 1234 1234
1234 1234 1234 1234 1234
1234 1234 1234 1234 1234
1234 1234 1234 1234 1234
1234 1234 1234 1234 1234
1234 1234 1234 1234 1234
1234 1234 1234 1234 1234
1234 1234 1234 1234 1234
1234 1234 1234 1234 1234
1234 1234 1234 1234 1234
1234 1234 1234 1234 1234
1234 1234 1234 1234 1234
1234 1234 1234 1234 1234
1234 1234 1234 1234 1234
1234 1234 1234 1234 1234
0 0 0 0 0 0 0 0 0 0 0 0 0
10 10 10 10 10 10 10 10
10 10 10 10 10 10 10 10
10 10 10 10 10 10 10 10
10 10 10 10 10 10 10 10
10 10 10 10 10 10 10 10
10 10 10 10 10 10 10 10
10 10 10 10 10 10 10 10
10 10 10 10 10 10 10 10 
10 10 10 10 10 10 10 10
10 10 10 10 10 10 10 10
10 10 10 10 10 10 10 10
10 10 10 10 10 10 10 10
10 10 10 10 10 10 10 10
10 10 10 10 10 10 10 10
10 10 10 10 10 10 10 10
10 10 10 10 10 10 10 10
10 10 10 10 10 10 10 10
10 10 10 10 10 10 10 10
10 10 10 10 10 10 10 10
10 10 10 10 10 10 10 10
10 10 10 10 10 10 10 10
10 10 10 10 10 10 10 10
10 10 10 10 10 10 10 10
10 10 10 10 10 10 10 10
10 10 10 10 10 10 10 10
10 10 10 10 10 10 10 10
10 10 10 10 10 10 10 10
10 10 10 10 10 10 10 10
10 10 10 10 10 10 10 10
11-10 11-10-10-10-10-10
10-10-10-10-10-10-10-10-
10-10-10-10-10-10-10-10-
10-10-10-10-10-10-10-10-
10-10-10-10-10-10-10-10-
10-10-10-10-10-10-10-10-
10-10-10-10-10-10-10-10-
10-10-10-10-10-10-10-10-
10-10-10-10-10-10-10-10-
10-10-10-10-10-10-10-10-
10-10-10-10-10-10-10-10-

123 123 123 123 123 123
123 123 123 123 123 123
123 123 123 123 124 123
123 123 123 123 123 123
123 123 123 123 123 123
123 123 123 123 123 123
123 123 123 123 123 123
10 10 10 10 10 10 10 10
10 10 10 10 10 10 10 10
10 10 10 10 10 10 10 10
10 10 10 10 10 10 10 10
10 10 10 10 10 10 10 10
10 10 10 10 10 10 10 10
10 10 10 10 10 10 10 10
10 10 10 10 10 10 10 10
10 10 10 10 10 10 10 10
10 10 10 10 10 10 10 10
10 10 10 10 10 10 10 10
10 10 10 10 10 10 10 10
10 10 10 10 10 10 10 10
10 10 10 10 10 10 10 10
10 10 10 10 10 10 10 10
10 10 10 10 10 10 10 10
10 10 10 10 10 10 10 10
10 10 10 10 10 10 10 10
10 10 10 10 10 10 10 10
10 10 10 10 10 10 10 10
10 10 10 10 10 10 10 10
	123 123 123 123 123 123
123 123 123 123 123 123
123 123 123 123 123 123
123 123 123 123 123 123
10 10 10 10 10 10 10 10
10 10 10 10 10 10 10 10
10 10 10 10 10 10 10 10
10 10 10 10 10 10 10 10
10 10 10 10 10 10 10 10
10 10 10 10 10 10 10 10
10 10 10 10 10 10 10 10
10 10 10 10 10 10 10 10
10 10 10 10 10 10 10 10
10 10 10 10 10 10 10 10
10 10 10 10 10 10 10 10
10 10 10 10 10 10 10 10
10 10 10 10 10 10 10 10
10 10 10 10 10 10 10 10
10 10 10 10 10 10 10 10
10 10 10 10 10 10 10 10
10 10 10 10 10 10 10 10
10 10 10 10 10 10 10 10
10 10 10 10 10 10 10 10
10 10 10 10 10 10 10 10
10 10 10 10 10 10 10 10
	123 123 123 123 123 123
123 123 123 123 123 123
123 123 123 123 123 123
123 123 123 123 123 123
10 10 10 10 10 10 10 10
10 10 10 10 10 10 10 10
10 10 10 10 10 10 10 10
10 10 10 10 10 10 10 10
10 10 10 10 10 10 10 10
10 10 10 10 10 10 10 10
10 10 10 10 10 10 10 10
10 10 10 10 10 10 10 10
10 10 10 10 10 10 10 10
10 10 10 10 10 10 10 10
10 10 10 10 10 10 10 10
10 10 10 10 10 10 10 10
10 10 10 10 10 10 10 10
10 10 10 10 10 10 10 10
10 10 10 10 10 10 10 10
10 10 10 10 10 10 10 10
10 10 10 10 10 10 10 10
10 10 10 10 10 10 10 10
10 10 10 10 10 10 10 10
10 10 10 10 10 10 10 10
10 10 10 10 10 10 10 10
	123 123 123 123 123 123
123 123 123 123 123 123
123 123 123 123 123 123
123 123 123 123 123 123
10 10 10 10 10 10 10 10
10 10 10 10 10 10 10 10
10 10 10 10 10 10 10 10
10 10 10 10 10 10 10 10
10 10 10 10 10 10 10 10
10 10 10 10 10 10 10 10
10 10 10 10 10 10 10 10
10 10 10 10 10 10 10 10
10 10 10 10 10 10 10 10
10 10 10 10 10 10 10 10
10 10 10 10 10 10 10 10
10 10 10 10 10 10 10 10
10 10 10 10 10 10 10 10
10 10 10 10 10 10 10 10
10 10 10 10 10 10 10 10
10 10 10 10 10 10 10 10
10 10 10 10 10 10 10 10
10 10 10 10 10 10 10 10
10 10 10 10 10 10 10 10
10 10 10 10 10 10 10 10
10 10 10 10 10 10 10 10
	123 123 123 123 123 123
123 123 123 123 123 123
123 123 123 123 123 123
123 123 123 123 123 123
10 10 10 10 10 10 10 10
10 10 10 10 10 10 10 10
10 10 10 10 10 10 10 10
10 10 10 10 10 10 10 10
10 10 10 10 10 10 10 10
10 10 10 10 10 10 10 10
10 10 10 10 10 10 10 10
10 10 10 10 10 10 10 10
10 10 10 10 10 10 10 10
10 10 10 10 10 10 10 10
10 10 10 10 10 10 10 10
10 10 10 10 10 10 10 10
10 10 10 10 10 10 10 10
10 10 10 10 10 10 10 10
10 10 10 10 10 10 10 10
10 10 10 10 10 10 10 10
10 10 10 10 10 10 10 10
10 10 10 10 10 10 10 10
10 10 10 10 10 10 10 10
10 10 10 10 10 10 10 10
10 10 10 10 10 10 10 10
	123 123 123 123 123 123
123 123 123 123 123 123
123 123 123 123 123 123
123 123 123 123 123 123
10 10 10 10 10 10 10 10
10 10 10 10 10 10 10 10
10 10 10 10 10 10 10 10
10 10 10 10 10 10 10 10
10 10 10 10 10 10 10 10
10 10 10 10 10 10 10 10
10 10 10 10 10 10 10 10
10 10 10 10 10 10 10 10
10 10 10 10 10 10 10 10
10 10 10 10 10 10 10 10
10 10 10 10 10 10 10 10
10 10 10 10 10 10 10 10
10 10 10 10 10 10 10 10
10 10 10 10 10 10 10 10
10 10 10 10 10 10 10 10
10 10 10 10 10 10 10 10
10 10 10 10 10 10 10 10
10 10 10 10 10 10 10 10
10 10 10 10 10 10 10 10
10 10 10 10 10 10 10 10
10 10 10 10 10 10 10 10
	123 123 123 123 123 123
123 123 123 123 123 123
123 123 123 123 123 123
123 123 123 123 123 123
10 10 10 10 10 10 10 10
10 10 10 10 10 10 10 10
10 10 10 10 10 10 10 10
10 10 10 10 10 10 10 10
10 10 10 10 10 10 10 10
10 10 10 10 10 10 10 10
10 10 10 10 10 10 10 10
10 10 10 10 10 10 10 10
10 10 10 10 10 10 10 10
10 10 10 10 10 10 10 10
10 10 10 10 10 10 10 10
10 10 10 10 10 10 10 10
10 10 10 10 10 10 10 10
10 10 10 10 10 10 10 10
10 10 10 10 10 10 10 10
10 10 10 10 10 10 10 10
10 10 10 10 10 10 10 10
10 10 10 10 10 10 10 10
10 10 10 10 10 10 10 10
10 10 10 10 10 10 10 10
10 10 10 10 10 10 10 10
	123 123 123 123 123 123
123 123 123 123 123 123
123 123 123 123 123 123
123 123 123 123 123 123
10 10 10 10 10 10 10 10
10 10 10 10 10 10 10 10
10 10 10 10 10 10 10 10
10 10 10 10 10 10 10 10
10 10 10 10 10 10 10 10
10 10 10 10 10 10 10 10
10 10 10 10 10 10 10 10
10 10 10 10 10 10 10 10
10 10 10 10 10 10 10 10
10 10 10 10 10 10 10 10
10 10 10 10 10 10 10 10
10 10 10 10 10 10 10 10
10 10 10 10 10 10 10 10
10 10 10 10 10 10 10 10
10 10 10 10 10 10 10 10
10 10 10 10 10 10 10 10
10 10 10 10 10 10 10 10
10 10 10 10 10 10 10 10
10 10 10 10 10 10 10 10
10 10 10 10 10 10 10 10
10 10 10 10 10 10 10 10
	123 123 123 123 123 123
123 123 123 123 123 123
123 123 123 123 123 123
123 123 123 123 123 123
10 10 10 10 10 10 10 10
10 10 10 10 10 10 10 10
10 10 10 10 10 10 10 10
10 10 10 10 10 10 10 10
10 10 10 10 10 10 10 10
10 10 10 10 10 10 10 10
10 10 10 10 10 10 10 10
10 10 10 10 10 10 10 10
10 10 10 10 10 10 10 10
10 10 10 10 10 10 10 10
10 10 10 10 10 10 10 10
10 10 10 10 10 10 10 10
10 10 10 10 10 10 10 10
10 10 10 10 10 10 10 10
10 10 10 10 10 10 10 10
10 10 10 10 10 10 10 10
10 10 10 10 10 10 10 10
10 10 10 10 10 10 10 10
10 10 10 10 10 10 10 10
10 10 10 10 10 10 10 10
10 10 10 10 10 10 10 10
	123 123 123 123 123 123
123 123 123 123 123 123
123 123 123 123 123 123
123 123 123 123 123 123
10 10 10 10 10 10 10 10
10 10 10 10 10 10 10 10
10 10 10 10 10 10 10 10
10 10 10 10 10 10 10 10
10 10 10 10 10 10 10 10
10 10 10 10 10 10 10 10
10 10 10 10 10 10 10 10
10 10 10 10 10 10 10 10
10 10 10 10 10 10 10 10
10 10 10 10 10 10 10 10
10 10 10 10 10 10 10 10
10 10 10 10 10 10 10 10
10 10 10 10 10 10 10 10
10 10 10 10 10 10 10 10
10 10 10 10 10 10 10 10
10 10 10 10 10 10 10 10
10 10 10 10 10 10 10 10
10 10 10 10 10 10 10 10
10 10 10 10 10 10 10 10
10 10 10 10 10 10 10 10
10 10 10 10 10 10 10 10
	123 123 123 123 123 123
123 123 123 123 123 123
123 123 123 123 123 123
123 123 123 123 123 123
10 10 10 10 10 10 10 10
10 10 10 10 10 10 10 10
10 10 10 10 10 10 10 10
10 10 10 10 10 10 10 10
10 10 10 10 10 10 10 10
10 10 10 10 10 10 10 10
10 10 10 10 10 10 10 10
10 10 10 10 10 10 10 10
10 10 10 10 10 10 10 10
10 10 10 10 10 10 10 10
10 10 10 10 10 10 10 10
10 10 10 10 10 10 10 10
10 10 10 10 10 10 10 10
10 10 10 10 10 10 10 10
10 10 10 10 10 10 10 10
10 10 10 10 10 10 10 10
10 10 10 10 10 10 10 10
10 10 10 10 10 10 10 10
10 10 10 10 10 10 10 10
10 10 10 10 10 10 10 10
10 10 10 10 10 10 10 10
	123 123 123 123 123 123
123 123 123 123 123 123
123 123 123 123 123 123
123 123 123 123 123 123
10 10 10 10 10 10 10 10
10 10 10 10 10 10 10 10
10 10 10 10 10 10 10 10
10 10 10 10 10 10 10 10
10 10 10 10 10 10 10 10
10 10 10 10 10 10 10 10
10 10 10 10 10 10 10 10
10 10 10 10 10 10 10 10
10 10 10 10 10 10 10 10
10 10 10 10 10 10 10 10
10 10 10 10 10 10 10 10
10 10 10 10 10 10 10 10
10 10 10 10 10 10 10 10
10 10 10 10 10 10 10 10
10 10 10 10 10 10 10 10
10 10 10 10 10 10 10 10
10 10 10 10 10 10 10 10
10 10 10 10 10 10 10 10
10 10 10 10 10 10 10 10
10 10 10 10 10 10 10 10
10 10 10 10 10 10 10 10
10 10 10 10 10 10 10 10
10 10 10 10 10 10 10 10
10 10 10 10 10 10 10 10
10 10 10 10 10 10 10 10
10 10 10 10 10 10 10 10
10 10 10 10 10 10 10 10
10 10 10 10 10 10 10 10
10 10 10 10 10 10 10 10
10 10 10 10 10 10 10 10
10 10 10 10 10 10 10 10
10 10 10 10 10 10 10 10 
10 10 10 10 10 10 10 10
10 10 10 10 10 10 10 10
10 10 10 10 10 10 10 10
10 10 10 10 10 10 10 10
10 10 10 10 10 10 10 10
10 10 10 10 10 10 10 10
10 10 10 10 10 10 10 10
10 10 10 10 10 10 10 10
10 10 10 10 10 10 10 10
10 10 10 10 10 10 10 10
10 10 10 10 10 10 10 10
10 10 10 10 10 10 10 10
10 10 10 10 10 10 10 10
10 10 10 10 10 10 10 10
10 10 10 10 10 10 10 10
10 10 10 10 10 10 10 10
10 10 10 10 10 10 10 10
10 10 10 10 10 10 10 10 
10 10 10 10 10 10 10 10
10 10 10 10 10 10 10 10
10 10 10 10 10 10 10 10
10 10 10 10 10 10 10 10
10 10 10 10 10 10 10 10
10 10 10 10 10 10 10 10
123 123 123 123 123 123
123 123 123 123 123 123
123 123 123 123 123 123
123 123 123 123 123 123 
123 123 123 123 123 123 
123 123 123 123 123 123
123 123 123 123 123 123
123 123 123 123 123 123
123 123 123 123 123 123
123 123 123 123 123 123
123 123 123 123 123 123
123 123 123 123 123 123
123 123 123 123 123 123
123 123 123 123 123 123
123 123 123 123 123 123
123 123 123 123 123 123
123 123 123 123 123 123
123 123 123 123 123 123
123 123 123 123 123 123
123 123 123 123 123 123
10 10 10 10 10 10 10 10
10 10 10 10 10 10 10 10
10 10 10 10 10 10 10 10
10 10 10 10 10 10 10 10
10 10 10 10 10 10 10 10
120 120 120 120 120 120
120 120 120 120 120 120
120 120 120 120 120 120
120 120 120 120 120 120
120 120 120 120 120 120
120 120 120 120 120 120
120 120 120 120 120 120
120 120 120 120 120 120
120 120 120 120 120 120
120 120 120 120 120 120
130 130 130 130 130 130
130 130 130 130 130 130
130 130 130 130 130 130
130 130 130 130 130 130
130 130 130 130 130 130
130 130 130 130 130 130
130 130 130 130 130 130
130 130 130 130 130 130
130 130 130 130 130 130
110 110 110 110 110 110
110 110 110 110 110 110
110 110 110 110 110 110
110 110 110 110 110 110
110 110 110 110 110 110
110 110 110 110 110 110
110 110 110 110 110 110
110 110 110 110 110 110
110 110 110 110 110 110
110 110 110 110 110 110
110 110 110 110 110 110
123 123 123 123 123 123
123 123 123 123 123 123
123 123 123 123 123 123
123 123 123 123 123 123
123 123 123 123 123 123
1234 1234 1234 1234 1234
1234 1234 1234 1234 1234
1234 1234 1234 1234 1234
1234 1234 1234 1234 1234
1234 1234 1234 1234 1234
09 09 09 09 09 09 09 09 
09 09 09 09 09 09 09 09
09 09 09 09 09 09 09 09
09 09 09 09 09 09 09 09
09 09 09 09 09 09 09 09
19 19 19 19 19 19 19 19
19 19 19 19 19 19 19 19
19 19 19 19 19 19 19 19
19 19 19 19 19 19 19 19
19 19 19 19 19 19 91 91
29 29 29 29 29 29 29 29
29 29 29 29 29 29 29 29
29 29 29 29 29 29 29 29
29 29 29 29 29 29 29 29
29 29 29 29 29 29 29 29
110 110 110 110 110 110
110 110 110 110 110 110
110 110 110 110 110 110
110 110 110 110 110 110
110 110 110 110 110 110
123 123 123 123 123 123
123 123 123 123 123 123
123 123 123 123 123 123
123 123 123 123 123 123
123 123 123 123 123 123
1234 1234 1234 1234 1234
1234 1234 1234 1234 1234
1234 1234 1234 1234 1234
1234 1234 1234 1234 1234
1234 1234 1234 1234 1234
09 09 09 09 09 09 09 09 
09 09 09 09 09 09 09 09
09 09 09 09 09 09 09 09
09 09 09 09 09 09 09 09
09 09 09 09 09 09 09 09
19 19 19 19 19 19 19 19
19 19 19 19 19 19 19 19
19 19 19 19 19 19 19 19
19 19 19 19 19 19 19 19
19 19 19 19 19 19 91 91
29 29 29 29 29 29 29 29
29 29 29 29 29 29 29 29
29 29 29 29 29 29 29 29
29 29 29 29 29 29 29 29
29 29 29 29 29 29 29 29
110 110 110 110 110 110
110 110 110 110 110 110
110 110 110 110 110 110
110 110 110 110 110 110
110 110 110 110 110 110
123 123 123 123 123 123
123 123 123 123 123 123
123 123 123 123 123 123
123 123 123 123 123 123
123 123 123 123 123 123
1234 1234 1234 1234 1234
1234 1234 1234 1234 1234
1234 1234 1234 1234 1234
1234 1234 1234 1234 1234
1234 1234 1234 1234 1234
09 09 09 09 09 09 09 09 
09 09 09 09 09 09 09 09
09 09 09 09 09 09 09 09
09 09 09 09 09 09 09 09
09 09 09 09 09 09 09 09
19 19 19 19 19 19 19 19
19 19 19 19 19 19 19 19
19 19 19 19 19 19 19 19
19 19 19 19 19 19 19 19
19 19 19 19 19 19 91 91
29 29 29 29 29 29 29 29
29 29 29 29 29 29 29 29
29 29 29 29 29 29 29 29
29 29 29 29 29 29 29 29
29 29 29 29 29 29 29 29
110 110 110 110 110 110
110 110 110 110 110 110
110 110 110 110 110 110
110 110 110 110 110 110
110 110 110 110 110 110
123 123 123 123 123 123
123 123 123 123 123 123
123 123 123 123 123 123
123 123 123 123 123 123
123 123 123 123 123 123
1234 1234 1234 1234 1234
1234 1234 1234 1234 1234
1234 1234 1234 1234 1234
1234 1234 1234 1234 1234
1234 1234 1234 1234 1234
09 09 09 09 09 09 09 09 
09 09 09 09 09 09 09 09
09 09 09 09 09 09 09 09
09 09 09 09 09 09 09 09
09 09 09 09 09 09 09 09
19 19 19 19 19 19 19 19
19 19 19 19 19 19 19 19
19 19 19 19 19 19 19 19
19 19 19 19 19 19 19 19
19 19 19 19 19 19 91 91
29 29 29 29 29 29 29 29
29 29 29 29 29 29 29 29
29 29 29 29 29 29 29 29
29 29 29 29 29 29 29 29
29 29 29 29 29 29 29 29
110 110 110 110 110 110
110 110 110 110 110 110
110 110 110 110 110 110
110 110 110 110 110 110
110 110 110 110 110 110
123 123 123 123 123 123
123 123 123 123 123 123
123 123 123 123 123 123
123 123 123 123 123 123
123 123 123 123 123 123
1234 1234 1234 1234 1234
1234 1234 1234 1234 1234
1234 1234 1234 1234 1234
1234 1234 1234 1234 1234
1234 1234 1234 1234 1234
09 09 09 09 09 09 09 09 
09 09 09 09 09 09 09 09
09 09 09 09 09 09 09 09
09 09 09 09 09 09 09 09
09 09 09 09 09 09 09 09
19 19 19 19 19 19 19 19
19 19 19 19 19 19 19 19
19 19 19 19 19 19 19 19
19 19 19 19 19 19 19 19
19 19 19 19 19 19 91 91
29 29 29 29 29 29 29 29
29 29 29 29 29 29 29 29
29 29 29 29 29 29 29 29
29 29 29 29 29 29 29 29
29 29 29 29 29 29 29 29
110 110 110 110 110 110
110 110 110 110 110 110
110 110 110 110 110 110
110 110 110 110 110 110
110 110 110 110 110 110
123 123 123 123 123 123
123 123 123 123 123 123
123 123 123 123 123 123
123 123 123 123 123 123
123 123 123 123 123 123
1234 1234 1234 1234 1234
1234 1234 1234 1234 1234
1234 1234 1234 1234 1234
1234 1234 1234 1234 1234
1234 1234 1234 1234 1234
09 09 09 09 09 09 09 09 
09 09 09 09 09 09 09 09
09 09 09 09 09 09 09 09
09 09 09 09 09 09 09 09
09 09 09 09 09 09 09 09
19 19 19 19 19 19 19 19
19 19 19 19 19 19 19 19
19 19 19 19 19 19 19 19
19 19 19 19 19 19 19 19
19 19 19 19 19 19 91 91
29 29 29 29 29 29 29 29
29 29 29 29 29 29 29 29
29 29 29 29 29 29 29 29
29 29 29 29 29 29 29 29
29 29 29 29 29 29 29 29
110 110 110 110 110 110
110 110 110 110 110 110
110 110 110 110 110 110
110 110 110 110 110 110
110 110 110 110 110 110
123 123 123 123 123 123
123 123 123 123 123 123
123 123 123 123 123 123
123 123 123 123 123 123
123 123 123 123 123 123
1234 1234 1234 1234 1234
1234 1234 1234 1234 1234
1234 1234 1234 1234 1234
1234 1234 1234 1234 1234
1234 1234 1234 1234 1234
09 09 09 09 09 09 09 09 
09 09 09 09 09 09 09 09
09 09 09 09 09 09 09 09
09 09 09 09 09 09 09 09
09 09 09 09 09 09 09 09
19 19 19 19 19 19 19 19
19 19 19 19 19 19 19 19
19 19 19 19 19 19 19 19
19 19 19 19 19 19 19 19
19 19 19 19 19 19 91 91
29 29 29 29 29 29 29 29
29 29 29 29 29 29 29 29
29 29 29 29 29 29 29 29
29 29 29 29 29 29 29 29
29 29 29 29 29 29 29 29
110 110 110 110 110 110
110 110 110 110 110 110
110 110 110 110 110 110
110 110 110 110 110 110
110 110 110 110 110 110
123 123 123 123 123 123
123 123 123 123 123 123
123 123 123 123 123 123
123 123 123 123 123 123
123 123 123 123 123 123
1234 1234 1234 1234 1234
1234 1234 1234 1234 1234
1234 1234 1234 1234 1234
1234 1234 1234 1234 1234
1234 1234 1234 1234 1234
09 09 09 09 09 09 09 09 
09 09 09 09 09 09 09 09
09 09 09 09 09 09 09 09
09 09 09 09 09 09 09 09
09 09 09 09 09 09 09 09
19 19 19 19 19 19 19 19
19 19 19 19 19 19 19 19
19 19 19 19 19 19 19 19
19 19 19 19 19 19 19 19
19 19 19 19 19 19 91 91
29 29 29 29 29 29 29 29
29 29 29 29 29 29 29 29
29 29 29 29 29 29 29 29
29 29 29 29 29 29 29 29
29 29 29 29 29 29 29 29
110 110 110 110 110 110
110 110 110 110 110 110
110 110 110 110 110 110
110 110 110 110 110 110
110 110 110 110 110 110
123 123 123 123 123 123
123 123 123 123 123 123
123 123 123 123 123 123
123 123 123 123 123 123
123 123 123 123 123 123
1234 1234 1234 1234 1234
1234 1234 1234 1234 1234
1234 1234 1234 1234 1234
1234 1234 1234 1234 1234
1234 1234 1234 1234 1234
09 09 09 09 09 09 09 09 
09 09 09 09 09 09 09 09
09 09 09 09 09 09 09 09
09 09 09 09 09 09 09 09
09 09 09 09 09 09 09 09
19 19 19 19 19 19 19 19
19 19 19 19 19 19 19 19
19 19 19 19 19 19 19 19
19 19 19 19 19 19 19 19
19 19 19 19 19 19 91 91
29 29 29 29 29 29 29 29
29 29 29 29 29 29 29 29
29 29 29 29 29 29 29 29
29 29 29 29 29 29 29 29
29 29 29 29 29 29 29 29
110 110 110 110 110 110
110 110 110 110 110 110
110 110 110 110 110 110
110 110 110 110 110 110
110 110 110 110 110 110
123 123 123 123 123 123
123 123 123 123 123 123
123 123 123 123 123 123
123 123 123 123 123 123
123 123 123 123 123 123
1234 1234 1234 1234 1234
1234 1234 1234 1234 1234
1234 1234 1234 1234 1234
1234 1234 1234 1234 1234
1234 1234 1234 1234 1234
09 09 09 09 09 09 09 09 
09 09 09 09 09 09 09 09
09 09 09 09 09 09 09 09
09 09 09 09 09 09 09 09
09 09 09 09 09 09 09 09
19 19 19 19 19 19 19 19
19 19 19 19 19 19 19 19
19 19 19 19 19 19 19 19
19 19 19 19 19 19 19 19
19 19 19 19 19 19 91 91
29 29 29 29 29 29 29 29
29 29 29 29 29 29 29 29
29 29 29 29 29 29 29 29
29 29 29 29 29 29 29 29
29 29 29 29 29 29 29 29
110 110 110 110 110 110
110 110 110 110 110 110
110 110 110 110 110 110
110 110 110 110 110 110
110 110 110 110 110 110
123 123 123 123 123 123
123 123 123 123 123 123
123 123 123 123 123 123
123 123 123 123 123 123
123 123 123 123 123 123
1234 1234 1234 1234 1234
1234 1234 1234 1234 1234
1234 1234 1234 1234 1234
1234 1234 1234 1234 1234
1234 1234 1234 1234 1234
09 09 09 09 09 09 09 09 
09 09 09 09 09 09 09 09
09 09 09 09 09 09 09 09
09 09 09 09 09 09 09 09
09 09 09 09 09 09 09 09
19 19 19 19 19 19 19 19
19 19 19 19 19 19 19 19
19 19 19 19 19 19 19 19
19 19 19 19 19 19 19 19
19 19 19 19 19 19 91 91
29 29 29 29 29 29 29 29
29 29 29 29 29 29 29 29
29 29 29 29 29 29 29 29
29 29 29 29 29 29 29 29
29 29 29 29 29 29 29 29
20 20 20 20 20 20 20 20
20 20 20 20 20 20 20 20
20 20 20 20 20 20 20 20
20 20 20 20 20 20 20 20
10 10 10 10 10 10 10 10
10 10 10 10 10 10 10 10
10 10 10 10 10 10 10 10
10 10 10 10 10 10 10 10
09 09 09 09 09 09 09 09
09 09 09 09 09 09 09 09
09 09 09 09 09 09 09 09
09 09 09 09 09 09 09 09
09 09 09 09 09 09 09 09
09 09 09 09 09 09 09 09
09 09 09 09 09 09 09 09
19 19 19 19 19 19 19 19
19 19 19 19 19 19 19 19
19 19 19 19 19 19 19 19
19 19 19 19 19 19 19 19 
19 19 19 19 19 19 19 19
29 29 29 29 29 29 29 29
29 29 29 29 29 29 29 29
29 29 29 29 29 29 29 29
29 29 29 29 29 29 29 29
29 29 29 29 29 29 29 29
39 39 39 39 39 39 39 39
39 39 39 39 39 39 39 39
39 39 39 39 39 39 39 39
39 39 39 39 39 39 39 39
39 39 39 39 39 39 39 39
49 49 49 49 49 49 49 49
49 49 49 49 49 49 49 49
49 49 49 49 49 49 49 49
49 49 49 49 49 49 49 49
49 49 49 49 49 49 49 49
50 50 50 50 50 50 50 50
50 50 50 50 50 50 50 50
50 50 50 50 50 50 50 50
50 50 50 50 50 50 50 50
50 50 50 50 50 50 50 50
20 20 20 20 20 20 20 20
20 20 20 20 20 20 20 20
20 20 20 20 20 20 20 20
20 20 20 20 20 20 20 20
10 10 10 10 10 10 10 10
10 10 10 10 10 10 10 10
10 10 10 10 10 10 10 10
10 10 10 10 10 10 10 10
09 09 09 09 09 09 09 09
09 09 09 09 09 09 09 09
09 09 09 09 09 09 09 09
09 09 09 09 09 09 09 09
09 09 09 09 09 09 09 09
09 09 09 09 09 09 09 09
09 09 09 09 09 09 09 09
19 19 19 19 19 19 19 19
19 19 19 19 19 19 19 19
19 19 19 19 19 19 19 19
19 19 19 19 19 19 19 19 
19 19 19 19 19 19 19 19
29 29 29 29 29 29 29 29
29 29 29 29 29 29 29 29
29 29 29 29 29 29 29 29
29 29 29 29 29 29 29 29
29 29 29 29 29 29 29 29
39 39 39 39 39 39 39 39
39 39 39 39 39 39 39 39
39 39 39 39 39 39 39 39
39 39 39 39 39 39 39 39
39 39 39 39 39 39 39 39
49 49 49 49 49 49 49 49
49 49 49 49 49 49 49 49
49 49 49 49 49 49 49 49
49 49 49 49 49 49 49 49
49 49 49 49 49 49 49 49
50 50 50 50 50 50 50 50
50 50 50 50 50 50 50 50
50 50 50 50 50 50 50 50
50 50 50 50 50 50 50 50
50 50 50 50 50 50 50 50
10 10 10 10 10 10 10 10
20 20 20 20 20 20 20 20
30 30 30 30 30 30 30 30
40 40 40 40 40 40 40 40
50 50 50 50 50 50 50 50
123 123 123 123 123 123
1234 1234 1234 1234 1234
1234 1234 1234 1234 1234
12345 12345 12345 12345
12345 12345 12345 12345
12345 12345 12345 12345
90 90 90 90 90 90 90 90
90 90 90 90 90 90 90 90
90 90 90 90 90 90 90 90
90 90 90 90 90 90 90 90
90 90 90 90 90 90 90 90
90 90 91 91 91 91 91 91
92 92 92 92 92 92 92 92
93 93 93 93 93 93 93 93
94 94 94 94 94 94 94 94
95 95 95 95 95 95 95 95
90 90 90 90 90 90 90 90
91 91 91 91 91 91 91 91
92 92 92 92 92 92 92 92
93 93 93 93 93 93 93 93
93 93 93 93 93 93 93 93
93 93 93 93 93 93 93 93
() () () () () () () ()
() () () () () () () ()
() () () () () () () ()
() () () () () () () ()
() () () () () () () ()
() () () () () () () ()
() () () () () () () ()
() () () () () () () ()
() () () () () () () ()
() () () () () () () ()
90 90 90 90 90 90 90 90
90 90 90 90 90 90 90 90
() () () () () () () ()
() () () () () () () ()
() () () () () () () ()
90 90 90 90 90 90 90 90
90 90 90 90 90 90 90 90
() () () () () () () ()
() () () () () () () ()
() () () () () () () ()
() () () () 90 () 90 ()
90 () 90 () 90 () 90 ()
90 () 90 () 90 () 90 ()
93 93 93 93 93 93 93 93
93 93 93 93 93 93 93 93
() () () () () () () ()
() () () () () () () ()
() () () () () () () ()
() () () () () () () ()
() () () () () () () ()
() () () () () () () ()
() () () () () () () ()
() () () () () () () ()
() () () () () () () ()
() () () () () () () ()
90 90 90 90 90 90 90 90
90 90 90 90 90 90 90 90
() () () () () () () ()
() () () () () () () ()
() () () () () () () ()
90 90 90 90 90 90 90 90
90 90 90 90 90 90 90 90
() () () () () () () ()
() () () () () () () ()
() () () () () () () ()
() () () () 90 () 90 ()
90 () 90 () 90 () 90 ()
90 () 90 () 90 () 90 ()
93 93 93 93 93 93 93 93
93 93 93 93 93 93 93 93
() () () () () () () ()
() () () () () () () ()
() () () () () () () ()
() () () () () () () ()
() () () () () () () ()
() () () () () () () ()
() () () () () () () ()
() () () () () () () ()
() () () () () () () ()
() () () () () () () ()
90 90 90 90 90 90 90 90
90 90 90 90 90 90 90 90
() () () () () () () ()
() () () () () () () ()
() () () () () () () ()
90 90 90 90 90 90 90 90
90 90 90 90 90 90 90 90
() () () () () () () ()
() () () () () () () ()
() () () () () () () ()
() () () () 90 () 90 ()
90 () 90 () 90 () 90 ()
90 () 90 () 90 () 90 ()
93 93 93 93 93 93 93 93
93 93 93 93 93 93 93 93
() () () () () () () ()
() () () () () () () ()
() () () () () () () ()
() () () () () () () ()
() () () () () () () ()
() () () () () () () ()
() () () () () () () ()
() () () () () () () ()
() () () () () () () ()
() () () () () () () ()
90 90 90 90 90 90 90 90
90 90 90 90 90 90 90 90
() () () () () () () ()
() () () () () () () ()
() () () () () () () ()
90 90 90 90 90 90 90 90
90 90 90 90 90 90 90 90
() () () () () () () ()
() () () () () () () ()
() () () () () () () ()
() () () () 90 () 90 ()
90 () 90 () 90 () 90 ()
90 () 90 () 90 () 90 ()
93 93 93 93 93 93 93 93
93 93 93 93 93 93 93 93
() () () () () () () ()
() () () () () () () ()
() () () () () () () ()
() () () () () () () ()
() () () () () () () ()
() () () () () () () ()
() () () () () () () ()
() () () () () () () ()
() () () () () () () ()
() () () () () () () ()
90 90 90 90 90 90 90 90
90 90 90 90 90 90 90 90
() () () () () () () ()
() () () () () () () ()
() () () () () () () ()
90 90 90 90 90 90 90 90
90 90 90 90 90 90 90 90
() () () () () () () ()
() () () () () () () ()
() () () () () () () ()
() () () () 90 () 90 ()
90 () 90 () 90 () 90 ()
90 () 90 () 90 () 90 ()
93 93 93 93 93 93 93 93
93 93 93 93 93 93 93 93
() () () () () () () ()
() () () () () () () ()
() () () () () () () ()
() () () () () () () ()
() () () () () () () ()
() () () () () () () ()
() () () () () () () ()
() () () () () () () ()
() () () () () () () ()
() () () () () () () ()
90 90 90 90 90 90 90 90
90 90 90 90 90 90 90 90
() () () () () () () ()
() () () () () () () ()
() () () () () () () ()
90 90 90 90 90 90 90 90
90 90 90 90 90 90 90 90
() () () () () () () ()
() () () () () () () ()
() () () () () () () ()
() () () () 90 () 90 ()
90 () 90 () 90 () 90 ()
90 () 90 () 90 () 90 ()
93 93 93 93 93 93 93 93
93 93 93 93 93 93 93 93
() () () () () () () ()
() () () () () () () ()
() () () () () () () ()
() () () () () () () ()
() () () () () () () ()
() () () () () () () ()
() () () () () () () ()
() () () () () () () ()
() () () () () () () ()
() () () () () () () ()
90 90 90 90 90 90 90 90
90 90 90 90 90 90 90 90
() () () () () () () ()
() () () () () () () ()
() () () () () () () ()
90 90 90 90 90 90 90 90
90 90 90 90 90 90 90 90
() () () () () () () ()
() () () () () () () ()
() () () () () () () ()
() () () () 90 () 90 ()
90 () 90 () 90 () 90 ()
90 () 90 () 90 () 90 ()
93 93 93 93 93 93 93 93
93 93 93 93 93 93 93 93
() () () () () () () ()
() () () () () () () ()
() () () () () () () ()
() () () () () () () ()
() () () () () () () ()
() () () () () () () ()
() () () () () () () ()
() () () () () () () ()
() () () () () () () ()
() () () () () () () ()
90 90 90 90 90 90 90 90
90 90 90 90 90 90 90 90
() () () () () () () ()
() () () () () () () ()
() () () () () () () ()
90 90 90 90 90 90 90 90
90 90 90 90 90 90 90 90
() () () () () () () ()
() () () () () () () ()
() () () () () () () ()
() () () () 90 () 90 ()
90 () 90 () 90 () 90 ()
90 () 90 () 90 () 90 ()
93 93 93 93 93 93 93 93
93 93 93 93 93 93 93 93
() () () () () () () ()
() () () () () () () ()
() () () () () () () ()
() () () () () () () ()
() () () () () () () ()
() () () () () () () ()
() () () () () () () ()
() () () () () () () ()
() () () () () () () ()
() () () () () () () ()
90 90 90 90 90 90 90 90
90 90 90 90 90 90 90 90
() () () () () () () ()
() () () () () () () ()
() () () () () () () ()
90 90 90 90 90 90 90 90
90 90 90 90 90 90 90 90
() () () () () () () ()
() () () () () () () ()
() () () () () () () ()
() () () () 90 () 90 ()
90 () 90 () 90 () 90 ()
90 () 90 () 90 () 90 ()
90 () 90 () 90 () 90 ()
90 () 90 () 90 () 90 ()
90 () 90 () 90 () 90 ()
90 () 90 () 90 () 90 ()
90 () 90 () 90 () 90 ()
90 () 90 () 90 () 90 ()
90 () 90 () 90 () 90 ()
90 () 90 () 90 () 90 ()
90 () 90 () 90 () 90 ()
90 () 90 () 90 () 90 ()
10 10 10 10 10 10 10 10
20 20 20 20 20 20 20 20
30 30 30 30 30 30 30 30
40 40 40 40 40 40 40 40
50 50 50 50 50 50 50 50
49 49 49 49 49 49 49 49
48 48 48 48 48 48 48 48
48 48 48 48 48 48 48 48
38 38 38 38 38 38 38 38
38 38 38 38 38 38 38 38
28 28 28 28 28 28 28 28
18 18 18 18 18 18 18 18
08 08 08 08 08 08 08 08
08 08 08 08 08 08 08 08
09 09 09 09 09 09 09 09
90 () 90 () 90 () 90 ()
90 () 90 () 90 () 90 ()
90 () 90 () 90 () 90 ()
90 () 90 () 90 () 90 ()
90 () 90 () 90 () 90 ()
90 () 90 () 90 () 90 ()
90 () 90 () 90 () 90 ()
90 () 90 () 90 () 90 ()
90 () 90 () 90 () 90 ()
90 () 90 () 90 () 90 ()
10 10 10 10 10 10 10 10
20 20 20 20 20 20 20 20
30 30 30 30 30 30 30 30
40 40 40 40 40 40 40 40
50 50 50 50 50 50 50 50
49 49 49 49 49 49 49 49
48 48 48 48 48 48 48 48
48 48 48 48 48 48 48 48
38 38 38 38 38 38 38 38
38 38 38 38 38 38 38 38
28 28 28 28 28 28 28 28
18 18 18 18 18 18 18 18
08 08 08 08 08 08 08 08
08 08 08 08 08 08 08 08
09 09 09 09 09 09 09 09
90 () 90 () 90 () 90 ()
90 () 90 () 90 () 90 ()
90 () 90 () 90 () 90 ()
90 () 90 () 90 () 90 ()
90 () 90 () 90 () 90 ()
90 () 90 () 90 () 90 ()
90 () 90 () 90 () 90 ()
90 () 90 () 90 () 90 ()
90 () 90 () 90 () 90 ()
90 () 90 () 90 () 90 ()
10 10 10 10 10 10 10 10
20 20 20 20 20 20 20 20
30 30 30 30 30 30 30 30
40 40 40 40 40 40 40 40
50 50 50 50 50 50 50 50
49 49 49 49 49 49 49 49
48 48 48 48 48 48 48 48
48 48 48 48 48 48 48 48
38 38 38 38 38 38 38 38
38 38 38 38 38 38 38 38
28 28 28 28 28 28 28 28
18 18 18 18 18 18 18 18
08 08 08 08 08 08 08 08
08 08 08 08 08 08 08 08
09 09 09 09 09 09 09 09
90 () 90 () 90 () 90 ()
90 () 90 () 90 () 90 ()
90 () 90 () 90 () 90 ()
90 () 90 () 90 () 90 ()
90 () 90 () 90 () 90 ()
90 () 90 () 90 () 90 ()
90 () 90 () 90 () 90 ()
90 () 90 () 90 () 90 ()
90 () 90 () 90 () 90 ()
90 () 90 () 90 () 90 ()
10 10 10 10 10 10 10 10
20 20 20 20 20 20 20 20
30 30 30 30 30 30 30 30
40 40 40 40 40 40 40 40
50 50 50 50 50 50 50 50
49 49 49 49 49 49 49 49
48 48 48 48 48 48 48 48
48 48 48 48 48 48 48 48
38 38 38 38 38 38 38 38
38 38 38 38 38 38 38 38
28 28 28 28 28 28 28 28
18 18 18 18 18 18 18 18
08 08 08 08 08 08 08 08
08 08 08 08 08 08 08 08
09 09 09 09 09 09 09 09
90 () 90 () 90 () 90 ()
90 () 90 () 90 () 90 ()
90 () 90 () 90 () 90 ()
90 () 90 () 90 () 90 ()
90 () 90 () 90 () 90 ()
90 () 90 () 90 () 90 ()
90 () 90 () 90 () 90 ()
90 () 90 () 90 () 90 ()
90 () 90 () 90 () 90 ()
90 () 90 () 90 () 90 ()
10 10 10 10 10 10 10 10
20 20 20 20 20 20 20 20
30 30 30 30 30 30 30 30
40 40 40 40 40 40 40 40
50 50 50 50 50 50 50 50
49 49 49 49 49 49 49 49
48 48 48 48 48 48 48 48
48 48 48 48 48 48 48 48
38 38 38 38 38 38 38 38
38 38 38 38 38 38 38 38
28 28 28 28 28 28 28 28
18 18 18 18 18 18 18 18
08 08 08 08 08 08 08 08
08 08 08 08 08 08 08 08
09 09 09 09 09 09 09 09
90 () 90 () 90 () 90 ()
90 () 90 () 90 () 90 ()
90 () 90 () 90 () 90 ()
90 () 90 () 90 () 90 ()
90 () 90 () 90 () 90 ()
90 () 90 () 90 () 90 ()
90 () 90 () 90 () 90 ()
90 () 90 () 90 () 90 ()
90 () 90 () 90 () 90 ()
90 () 90 () 90 () 90 ()
10 10 10 10 10 10 10 10
20 20 20 20 20 20 20 20
30 30 30 30 30 30 30 30
40 40 40 40 40 40 40 40
50 50 50 50 50 50 50 50
49 49 49 49 49 49 49 49
48 48 48 48 48 48 48 48
48 48 48 48 48 48 48 48
38 38 38 38 38 38 38 38
38 38 38 38 38 38 38 38
28 28 28 28 28 28 28 28
18 18 18 18 18 18 18 18
08 08 08 08 08 08 08 08
08 08 08 08 08 08 08 08
09 09 09 09 09 09 09 09
90 () 90 () 90 () 90 ()
90 () 90 () 90 () 90 ()
90 () 90 () 90 () 90 ()
90 () 90 () 90 () 90 ()
90 () 90 () 90 () 90 ()
90 () 90 () 90 () 90 ()
90 () 90 () 90 () 90 ()
90 () 90 () 90 () 90 ()
90 () 90 () 90 () 90 ()
90 () 90 () 90 () 90 ()
10 10 10 10 10 10 10 10
20 20 20 20 20 20 20 20
30 30 30 30 30 30 30 30
40 40 40 40 40 40 40 40
50 50 50 50 50 50 50 50
49 49 49 49 49 49 49 49
48 48 48 48 48 48 48 48
48 48 48 48 48 48 48 48
38 38 38 38 38 38 38 38
38 38 38 38 38 38 38 38
28 28 28 28 28 28 28 28
18 18 18 18 18 18 18 18
08 08 08 08 08 08 08 08
08 08 08 08 08 08 08 08
09 09 09 09 09 09 09 09
90 () 90 () 90 () 90 ()
90 () 90 () 90 () 90 ()
90 () 90 () 90 () 90 ()
90 () 90 () 90 () 90 ()
90 () 90 () 90 () 90 ()
90 () 90 () 90 () 90 ()
90 () 90 () 90 () 90 ()
90 () 90 () 90 () 90 ()
90 () 90 () 90 () 90 ()
90 () 90 () 90 () 90 ()
10 10 10 10 10 10 10 10
20 20 20 20 20 20 20 20
30 30 30 30 30 30 30 30
40 40 40 40 40 40 40 40
50 50 50 50 50 50 50 50
49 49 49 49 49 49 49 49
48 48 48 48 48 48 48 48
48 48 48 48 48 48 48 48
38 38 38 38 38 38 38 38
38 38 38 38 38 38 38 38
28 28 28 28 28 28 28 28
18 18 18 18 18 18 18 18
08 08 08 08 08 08 08 08
08 08 08 08 08 08 08 08
09 09 09 09 09 09 09 09
90 () 90 () 90 () 90 ()
90 () 90 () 90 () 90 ()
90 () 90 () 90 () 90 ()
90 () 90 () 90 () 90 ()
90 () 90 () 90 () 90 ()
90 () 90 () 90 () 90 ()
90 () 90 () 90 () 90 ()
90 () 90 () 90 () 90 ()
90 () 90 () 90 () 90 ()
90 () 90 () 90 () 90 ()
10 10 10 10 10 10 10 10
20 20 20 20 20 20 20 20
30 30 30 30 30 30 30 30
40 40 40 40 40 40 40 40
50 50 50 50 50 50 50 50
49 49 49 49 49 49 49 49
48 48 48 48 48 48 48 48
48 48 48 48 48 48 48 48
38 38 38 38 38 38 38 38
38 38 38 38 38 38 38 38
28 28 28 28 28 28 28 28
18 18 18 18 18 18 18 18
08 08 08 08 08 08 08 08
08 08 08 08 08 08 08 08
09 09 09 09 09 09 09 09
90 () 90 () 90 () 90 ()
90 () 90 () 90 () 90 ()
90 () 90 () 90 () 90 ()
90 () 90 () 90 () 90 ()
90 () 90 () 90 () 90 ()
90 () 90 () 90 () 90 ()
90 () 90 () 90 () 90 ()
90 () 90 () 90 () 90 ()
90 () 90 () 90 () 90 ()
90 () 90 () 90 () 90 ()
10 10 10 10 10 10 10 10
20 20 20 20 20 20 20 20
30 30 30 30 30 30 30 30
40 40 40 40 40 40 40 40
50 50 50 50 50 50 50 50
49 49 49 49 49 49 49 49
48 48 48 48 48 48 48 48
48 48 48 48 48 48 48 48
38 38 38 38 38 38 38 38
38 38 38 38 38 38 38 38
28 28 28 28 28 28 28 28
18 18 18 18 18 18 18 18
08 08 08 08 08 08 08 08
08 08 08 08 08 08 08 08
09 09 09 09 09 09 09 09
90 () 90 () 90 () 90 ()
90 () 90 () 90 () 90 ()
90 () 90 () 90 () 90 ()
90 () 90 () 90 () 90 ()
90 () 90 () 90 () 90 ()
90 () 90 () 90 () 90 ()
90 () 90 () 90 () 90 ()
90 () 90 () 90 () 90 ()
90 () 90 () 90 () 90 ()
90 () 90 () 90 () 90 ()
10 10 10 10 10 10 10 10
20 20 20 20 20 20 20 20
30 30 30 30 30 30 30 30
40 40 40 40 40 40 40 40
50 50 50 50 50 50 50 50
49 49 49 49 49 49 49 49
48 48 48 48 48 48 48 48
48 48 48 48 48 48 48 48
38 38 38 38 38 38 38 38
38 38 38 38 38 38 38 38
28 28 28 28 28 28 28 28
18 18 18 18 18 18 18 18
08 08 08 08 08 08 08 08
08 08 08 08 08 08 08 08
09 09 09 09 09 09 09 09
90 () 90 () 90 () 90 ()
90 () 90 () 90 () 90 ()
90 () 90 () 90 () 90 ()
90 () 90 () 90 () 90 ()
90 () 90 () 90 () 90 ()
90 () 90 () 90 () 90 ()
90 () 90 () 90 () 90 ()
90 () 90 () 90 () 90 ()
90 () 90 () 90 () 90 ()
90 () 90 () 90 () 90 ()
10 10 10 10 10 10 10 10
20 20 20 20 20 20 20 20
30 30 30 30 30 30 30 30
40 40 40 40 40 40 40 40
50 50 50 50 50 50 50 50
49 49 49 49 49 49 49 49
48 48 48 48 48 48 48 48
48 48 48 48 48 48 48 48
38 38 38 38 38 38 38 38
38 38 38 38 38 38 38 38
28 28 28 28 28 28 28 28
18 18 18 18 18 18 18 18
08 08 08 08 08 08 08 08
08 08 08 08 08 08 08 08
09 09 09 09 09 09 09 09
90 () 90 () 90 () 90 ()
90 () 90 () 90 () 90 ()
90 () 90 () 90 () 90 ()
90 () 90 () 90 () 90 ()
90 () 90 () 90 () 90 ()
90 () 90 () 90 () 90 ()
90 () 90 () 90 () 90 ()
90 () 90 () 90 () 90 ()
90 () 90 () 90 () 90 ()
90 () 90 () 90 () 90 ()
10 10 10 10 10 10 10 10
20 20 20 20 20 20 20 20
30 30 30 30 30 30 30 30
40 40 40 40 40 40 40 40
50 50 50 50 50 50 50 50
49 49 49 49 49 49 49 49
48 48 48 48 48 48 48 48
48 48 48 48 48 48 48 48
38 38 38 38 38 38 38 38
38 38 38 38 38 38 38 38
28 28 28 28 28 28 28 28
18 18 18 18 18 18 18 18
08 08 08 08 08 08 08 08
08 08 08 08 08 08 08 08
09 09 09 09 09 09 09 09
90 () 90 () 90 () 90 ()
90 () 90 () 90 () 90 ()
90 () 90 () 90 () 90 ()
90 () 90 () 90 () 90 ()
90 () 90 () 90 () 90 ()
90 () 90 () 90 () 90 ()
90 () 90 () 90 () 90 ()
90 () 90 () 90 () 90 ()
90 () 90 () 90 () 90 ()
90 () 90 () 90 () 90 ()
10 10 10 10 10 10 10 10
20 20 20 20 20 20 20 20
30 30 30 30 30 30 30 30
40 40 40 40 40 40 40 40
50 50 50 50 50 50 50 50
49 49 49 49 49 49 49 49
48 48 48 48 48 48 48 48
48 48 48 48 48 48 48 48
38 38 38 38 38 38 38 38
38 38 38 38 38 38 38 38
28 28 28 28 28 28 28 28
18 18 18 18 18 18 18 18
08 08 08 08 08 08 08 08
08 08 08 08 08 08 08 08
09 09 09 09 09 09 09 09
90 () 90 () 90 () 90 ()
90 () 90 () 90 () 90 ()
90 () 90 () 90 () 90 ()
90 () 90 () 90 () 90 ()
90 () 90 () 90 () 90 ()
90 () 90 () 90 () 90 ()
90 () 90 () 90 () 90 ()
90 () 90 () 90 () 90 ()
90 () 90 () 90 () 90 ()
90 () 90 () 90 () 90 ()
10 10 10 10 10 10 10 10
20 20 20 20 20 20 20 20
30 30 30 30 30 30 30 30
40 40 40 40 40 40 40 40
50 50 50 50 50 50 50 50
49 49 49 49 49 49 49 49
48 48 48 48 48 48 48 48
48 48 48 48 48 48 48 48
38 38 38 38 38 38 38 38
38 38 38 38 38 38 38 38
28 28 28 28 28 28 28 28
18 18 18 18 18 18 18 18
08 08 08 08 08 08 08 08
08 08 08 08 08 08 08 08
09 09 09 09 09 09 09 09
90 () 90 () 90 () 90 ()
90 () 90 () 90 () 90 ()
90 () 90 () 90 () 90 ()
90 () 90 () 90 () 90 ()
90 () 90 () 90 () 90 ()
90 () 90 () 90 () 90 ()
90 () 90 () 90 () 90 ()
90 () 90 () 90 () 90 ()
90 () 90 () 90 () 90 ()
90 () 90 () 90 () 90 ()
10 10 10 10 10 10 10 10
20 20 20 20 20 20 20 20
30 30 30 30 30 30 30 30
40 40 40 40 40 40 40 40
50 50 50 50 50 50 50 50
49 49 49 49 49 49 49 49
48 48 48 48 48 48 48 48
48 48 48 48 48 48 48 48
38 38 38 38 38 38 38 38
38 38 38 38 38 38 38 38
28 28 28 28 28 28 28 28
18 18 18 18 18 18 18 18
08 08 08 08 08 08 08 08
08 08 08 08 08 08 08 08
09 09 09 09 09 09 09 09
90 () 90 () 90 () 90 ()
90 () 90 () 90 () 90 ()
90 () 90 () 90 () 90 ()
90 () 90 () 90 () 90 ()
90 () 90 () 90 () 90 ()
90 () 90 () 90 () 90 ()
90 () 90 () 90 () 90 ()
90 () 90 () 90 () 90 ()
90 () 90 () 90 () 90 ()
90 () 90 () 90 () 90 ()
10 10 10 10 10 10 10 10
20 20 20 20 20 20 20 20
30 30 30 30 30 30 30 30
40 40 40 40 40 40 40 40
50 50 50 50 50 50 50 50
49 49 49 49 49 49 49 49
48 48 48 48 48 48 48 48
48 48 48 48 48 48 48 48
38 38 38 38 38 38 38 38
38 38 38 38 38 38 38 38
28 28 28 28 28 28 28 28
18 18 18 18 18 18 18 18
08 08 08 08 08 08 08 08
08 08 08 08 08 08 08 08
09 09 09 09 09 09 09 09
90 () 90 () 90 () 90 ()
90 () 90 () 90 () 90 ()
90 () 90 () 90 () 90 ()
90 () 90 () 90 () 90 ()
90 () 90 () 90 () 90 ()
90 () 90 () 90 () 90 ()
90 () 90 () 90 () 90 ()
90 () 90 () 90 () 90 ()
90 () 90 () 90 () 90 ()
90 () 90 () 90 () 90 ()
10 10 10 10 10 10 10 10
20 20 20 20 20 20 20 20
30 30 30 30 30 30 30 30
40 40 40 40 40 40 40 40
50 50 50 50 50 50 50 50
49 49 49 49 49 49 49 49
48 48 48 48 48 48 48 48
48 48 48 48 48 48 48 48
38 38 38 38 38 38 38 38
38 38 38 38 38 38 38 38
28 28 28 28 28 28 28 28
18 18 18 18 18 18 18 18
08 08 08 08 08 08 08 08
08 08 08 08 08 08 08 08
09 09 09 09 09 09 09 09
90 () 90 () 90 () 90 ()
90 () 90 () 90 () 90 ()
90 () 90 () 90 () 90 ()
90 () 90 () 90 () 90 ()
90 () 90 () 90 () 90 ()
90 () 90 () 90 () 90 ()
90 () 90 () 90 () 90 ()
90 () 90 () 90 () 90 ()
90 () 90 () 90 () 90 ()
90 () 90 () 90 () 90 ()
10 10 10 10 10 10 10 10
20 20 20 20 20 20 20 20
30 30 30 30 30 30 30 30
40 40 40 40 40 40 40 40
50 50 50 50 50 50 50 50
49 49 49 49 49 49 49 49
48 48 48 48 48 48 48 48
48 48 48 48 48 48 48 48
38 38 38 38 38 38 38 38
38 38 38 38 38 38 38 38
28 28 28 28 28 28 28 28
18 18 18 18 18 18 18 18
08 08 08 08 08 08 08 08
08 08 08 08 08 08 08 08
09 09 09 09 09 09 09 09
90 () 90 () 90 () 90 ()
90 () 90 () 90 () 90 ()
90 () 90 () 90 () 90 ()
90 () 90 () 90 () 90 ()
90 () 90 () 90 () 90 ()
90 () 90 () 90 () 90 ()
90 () 90 () 90 () 90 ()
90 () 90 () 90 () 90 ()
90 () 90 () 90 () 90 ()
90 () 90 () 90 () 90 ()
10 10 10 10 10 10 10 10
20 20 20 20 20 20 20 20
30 30 30 30 30 30 30 30
40 40 40 40 40 40 40 40
50 50 50 50 50 50 50 50
49 49 49 49 49 49 49 49
48 48 48 48 48 48 48 48
48 48 48 48 48 48 48 48
38 38 38 38 38 38 38 38
38 38 38 38 38 38 38 38
28 28 28 28 28 28 28 28
18 18 18 18 18 18 18 18
08 08 08 08 08 08 08 08
08 08 08 08 08 08 08 08
09 09 09 09 09 09 09 09
90 () 90 () 90 () 90 ()
90 () 90 () 90 () 90 ()
90 () 90 () 90 () 90 ()
90 () 90 () 90 () 90 ()
90 () 90 () 90 () 90 ()
90 () 90 () 90 () 90 ()
90 () 90 () 90 () 90 ()
90 () 90 () 90 () 90 ()
90 () 90 () 90 () 90 ()
90 () 90 () 90 () 90 ()
10 10 10 10 10 10 10 10
20 20 20 20 20 20 20 20
30 30 30 30 30 30 30 30
40 40 40 40 40 40 40 40
50 50 50 50 50 50 50 50
49 49 49 49 49 49 49 49
48 48 48 48 48 48 48 48
48 48 48 48 48 48 48 48
38 38 38 38 38 38 38 38
38 38 38 38 38 38 38 38
28 28 28 28 28 28 28 28
18 18 18 18 18 18 18 18
08 08 08 08 08 08 08 08
08 08 08 08 08 08 08 08
09 09 09 09 09 09 09 09
90 () 90 () 90 () 90 ()
90 () 90 () 90 () 90 ()
90 () 90 () 90 () 90 ()
90 () 90 () 90 () 90 ()
90 () 90 () 90 () 90 ()
90 () 90 () 90 () 90 ()
90 () 90 () 90 () 90 ()
90 () 90 () 90 () 90 ()
90 () 90 () 90 () 90 ()
90 () 90 () 90 () 90 ()
10 10 10 10 10 10 10 10
20 20 20 20 20 20 20 20
30 30 30 30 30 30 30 30
40 40 40 40 40 40 40 40
50 50 50 50 50 50 50 50
49 49 49 49 49 49 49 49
48 48 48 48 48 48 48 48
48 48 48 48 48 48 48 48
38 38 38 38 38 38 38 38
38 38 38 38 38 38 38 38
28 28 28 28 28 28 28 28
18 18 18 18 18 18 18 18
08 08 08 08 08 08 08 08
08 08 08 08 08 08 08 08
09 09 09 09 09 09 09 09
90 () 90 () 90 () 90 ()
90 () 90 () 90 () 90 ()
90 () 90 () 90 () 90 ()
90 () 90 () 90 () 90 ()
90 () 90 () 90 () 90 ()
90 () 90 () 90 () 90 ()
90 () 90 () 90 () 90 ()
90 () 90 () 90 () 90 ()
90 () 90 () 90 () 90 ()
90 () 90 () 90 () 90 ()
10 10 10 10 10 10 10 10
20 20 20 20 20 20 20 20
30 30 30 30 30 30 30 30
40 40 40 40 40 40 40 40
50 50 50 50 50 50 50 50
49 49 49 49 49 49 49 49
48 48 48 48 48 48 48 48
48 48 48 48 48 48 48 48
38 38 38 38 38 38 38 38
38 38 38 38 38 38 38 38
28 28 28 28 28 28 28 28
18 18 18 18 18 18 18 18
08 08 08 08 08 08 08 08
08 08 08 08 08 08 08 08
09 09 09 09 09 09 09 09
90 () 90 () 90 () 90 ()
90 () 90 () 90 () 90 ()
90 () 90 () 90 () 90 ()
90 () 90 () 90 () 90 ()
90 () 90 () 90 () 90 ()
90 () 90 () 90 () 90 ()
90 () 90 () 90 () 90 ()
90 () 90 () 90 () 90 ()
90 () 90 () 90 () 90 ()
90 () 90 () 90 () 90 ()
10 10 10 10 10 10 10 10
20 20 20 20 20 20 20 20
30 30 30 30 30 30 30 30
40 40 40 40 40 40 40 40
50 50 50 50 50 50 50 50
49 49 49 49 49 49 49 49
48 48 48 48 48 48 48 48
48 48 48 48 48 48 48 48
38 38 38 38 38 38 38 38
38 38 38 38 38 38 38 38
28 28 28 28 28 28 28 28
18 18 18 18 18 18 18 18
08 08 08 08 08 08 08 08
08 08 08 08 08 08 08 08
09 09 09 09 09 09 09 09
90 () 90 () 90 () 90 ()
90 () 90 () 90 () 90 ()
90 () 90 () 90 () 90 ()
90 () 90 () 90 () 90 ()
90 () 90 () 90 () 90 ()
90 () 90 () 90 () 90 ()
90 () 90 () 90 () 90 ()
90 () 90 () 90 () 90 ()
90 () 90 () 90 () 90 ()
90 () 90 () 90 () 90 ()
10 10 10 10 10 10 10 10
20 20 20 20 20 20 20 20
30 30 30 30 30 30 30 30
40 40 40 40 40 40 40 40
50 50 50 50 50 50 50 50
49 49 49 49 49 49 49 49
48 48 48 48 48 48 48 48
48 48 48 48 48 48 48 48
38 38 38 38 38 38 38 38
38 38 38 38 38 38 38 38
28 28 28 28 28 28 28 28
18 18 18 18 18 18 18 18
08 08 08 08 08 08 08 08
08 08 08 08 08 08 08 08
09 09 09 09 09 09 09 09
90 () 90 () 90 () 90 ()
90 () 90 () 90 () 90 ()
90 () 90 () 90 () 90 ()
90 () 90 () 90 () 90 ()
90 () 90 () 90 () 90 ()
90 () 90 () 90 () 90 ()
90 () 90 () 90 () 90 ()
90 () 90 () 90 () 90 ()
90 () 90 () 90 () 90 ()
90 () 90 () 90 () 90 ()
10 10 10 10 10 10 10 10
20 20 20 20 20 20 20 20
30 30 30 30 30 30 30 30
40 40 40 40 40 40 40 40
50 50 50 50 50 50 50 50
49 49 49 49 49 49 49 49
48 48 48 48 48 48 48 48
48 48 48 48 48 48 48 48
38 38 38 38 38 38 38 38
38 38 38 38 38 38 38 38
28 28 28 28 28 28 28 28
18 18 18 18 18 18 18 18
08 08 08 08 08 08 08 08
08 08 08 08 08 08 08 08
09 09 09 09 09 09 09 09
90 () 90 () 90 () 90 ()
90 () 90 () 90 () 90 ()
90 () 90 () 90 () 90 ()
90 () 90 () 90 () 90 ()
90 () 90 () 90 () 90 ()
90 () 90 () 90 () 90 ()
90 () 90 () 90 () 90 ()
90 () 90 () 90 () 90 ()
90 () 90 () 90 () 90 ()
90 () 90 () 90 () 90 ()
10 10 10 10 10 10 10 10
20 20 20 20 20 20 20 20
30 30 30 30 30 30 30 30
40 40 40 40 40 40 40 40
50 50 50 50 50 50 50 50
49 49 49 49 49 49 49 49
48 48 48 48 48 48 48 48
48 48 48 48 48 48 48 48
38 38 38 38 38 38 38 38
38 38 38 38 38 38 38 38
28 28 28 28 28 28 28 28
18 18 18 18 18 18 18 18
08 08 08 08 08 08 08 08
08 08 08 08 08 08 08 08
09 09 09 09 09 09 09 09
90 () 90 () 90 () 90 ()
90 () 90 () 90 () 90 ()
90 () 90 () 90 () 90 ()
90 () 90 () 90 () 90 ()
90 () 90 () 90 () 90 ()
90 () 90 () 90 () 90 ()
90 () 90 () 90 () 90 ()
90 () 90 () 90 () 90 ()
90 () 90 () 90 () 90 ()
90 () 90 () 90 () 90 ()
10 10 10 10 10 10 10 10
20 20 20 20 20 20 20 20
30 30 30 30 30 30 30 30
40 40 40 40 40 40 40 40
50 50 50 50 50 50 50 50
49 49 49 49 49 49 49 49
48 48 48 48 48 48 48 48
48 48 48 48 48 48 48 48
38 38 38 38 38 38 38 38
38 38 38 38 38 38 38 38
28 28 28 28 28 28 28 28
18 18 18 18 18 18 18 18
08 08 08 08 08 08 08 08
08 08 08 08 08 08 08 08
09 09 09 09 09 09 09 09
90 () 90 () 90 () 90 ()
90 () 90 () 90 () 90 ()
90 () 90 () 90 () 90 ()
90 () 90 () 90 () 90 ()
90 () 90 () 90 () 90 ()
90 () 90 () 90 () 90 ()
90 () 90 () 90 () 90 ()
90 () 90 () 90 () 90 ()
90 () 90 () 90 () 90 ()
90 () 90 () 90 () 90 ()
10 10 10 10 10 10 10 10
20 20 20 20 20 20 20 20
30 30 30 30 30 30 30 30
40 40 40 40 40 40 40 40
50 50 50 50 50 50 50 50
49 49 49 49 49 49 49 49
48 48 48 48 48 48 48 48
48 48 48 48 48 48 48 48
38 38 38 38 38 38 38 38
38 38 38 38 38 38 38 38
28 28 28 28 28 28 28 28
18 18 18 18 18 18 18 18
08 08 08 08 08 08 08 08
08 08 08 08 08 08 08 08
09 09 09 09 09 09 09 09
90 () 90 () 90 () 90 ()
90 () 90 () 90 () 90 ()
90 () 90 () 90 () 90 ()
90 () 90 () 90 () 90 ()
90 () 90 () 90 () 90 ()
90 () 90 () 90 () 90 ()
90 () 90 () 90 () 90 ()
90 () 90 () 90 () 90 ()
90 () 90 () 90 () 90 ()
90 () 90 () 90 () 90 ()
10 10 10 10 10 10 10 10
20 20 20 20 20 20 20 20
30 30 30 30 30 30 30 30
40 40 40 40 40 40 40 40
50 50 50 50 50 50 50 50
49 49 49 49 49 49 49 49
48 48 48 48 48 48 48 48
48 48 48 48 48 48 48 48
38 38 38 38 38 38 38 38
38 38 38 38 38 38 38 38
28 28 28 28 28 28 28 28
18 18 18 18 18 18 18 18
08 08 08 08 08 08 08 08
08 08 08 08 08 08 08 08
09 09 09 09 09 09 09 09
90 () 90 () 90 () 90 ()
90 () 90 () 90 () 90 ()
90 () 90 () 90 () 90 ()
90 () 90 () 90 () 90 ()
90 () 90 () 90 () 90 ()
90 () 90 () 90 () 90 ()
90 () 90 () 90 () 90 ()
90 () 90 () 90 () 90 ()
90 () 90 () 90 () 90 ()
90 () 90 () 90 () 90 ()
10 10 10 10 10 10 10 10
20 20 20 20 20 20 20 20
30 30 30 30 30 30 30 30
40 40 40 40 40 40 40 40
50 50 50 50 50 50 50 50
49 49 49 49 49 49 49 49
48 48 48 48 48 48 48 48
48 48 48 48 48 48 48 48
38 38 38 38 38 38 38 38
38 38 38 38 38 38 38 38
28 28 28 28 28 28 28 28
18 18 18 18 18 18 18 18
08 08 08 08 08 08 08 08
08 08 08 08 08 08 08 08
09 09 09 09 09 09 09 09
90 () 90 () 90 () 90 ()
90 () 90 () 90 () 90 ()
90 () 90 () 90 () 90 ()
90 () 90 () 90 () 90 ()
90 () 90 () 90 () 90 ()
90 () 90 () 90 () 90 ()
90 () 90 () 90 () 90 ()
90 () 90 () 90 () 90 ()
90 () 90 () 90 () 90 ()
90 () 90 () 90 () 90 ()
10 10 10 10 10 10 10 10
20 20 20 20 20 20 20 20
30 30 30 30 30 30 30 30
40 40 40 40 40 40 40 40
50 50 50 50 50 50 50 50
49 49 49 49 49 49 49 49
48 48 48 48 48 48 48 48
48 48 48 48 48 48 48 48
38 38 38 38 38 38 38 38
38 38 38 38 38 38 38 38
28 28 28 28 28 28 28 28
18 18 18 18 18 18 18 18
08 08 08 08 08 08 08 08
08 08 08 08 08 08 08 08
09 09 09 09 09 09 09 09
90 () 90 () 90 () 90 ()
90 () 90 () 90 () 90 ()
90 () 90 () 90 () 90 ()
90 () 90 () 90 () 90 ()
90 () 90 () 90 () 90 ()
90 () 90 () 90 () 90 ()
90 () 90 () 90 () 90 ()
90 () 90 () 90 () 90 ()
90 () 90 () 90 () 90 ()
90 () 90 () 90 () 90 ()
10 10 10 10 10 10 10 10
20 20 20 20 20 20 20 20
30 30 30 30 30 30 30 30
40 40 40 40 40 40 40 40
50 50 50 50 50 50 50 50
49 49 49 49 49 49 49 49
48 48 48 48 48 48 48 48
48 48 48 48 48 48 48 48
38 38 38 38 38 38 38 38
38 38 38 38 38 38 38 38
28 28 28 28 28 28 28 28
18 18 18 18 18 18 18 18
08 08 08 08 08 08 08 08
08 08 08 08 08 08 08 08
09 09 09 09 09 09 09 09
90 () 90 () 90 () 90 ()
90 () 90 () 90 () 90 ()
90 () 90 () 90 () 90 ()
90 () 90 () 90 () 90 ()
90 () 90 () 90 () 90 ()
90 () 90 () 90 () 90 ()
90 () 90 () 90 () 90 ()
90 () 90 () 90 () 90 ()
90 () 90 () 90 () 90 ()
90 () 90 () 90 () 90 ()
10 10 10 10 10 10 10 10
20 20 20 20 20 20 20 20
30 30 30 30 30 30 30 30
40 40 40 40 40 40 40 40
50 50 50 50 50 50 50 50
49 49 49 49 49 49 49 49
48 48 48 48 48 48 48 48
48 48 48 48 48 48 48 48
38 38 38 38 38 38 38 38
38 38 38 38 38 38 38 38
28 28 28 28 28 28 28 28
18 18 18 18 18 18 18 18
08 08 08 08 08 08 08 08
08 08 08 08 08 08 08 08
09 09 09 09 09 09 09 09
90 () 90 () 90 () 90 ()
90 () 90 () 90 () 90 ()
90 () 90 () 90 () 90 ()
90 () 90 () 90 () 90 ()
90 () 90 () 90 () 90 ()
90 () 90 () 90 () 90 ()
90 () 90 () 90 () 90 ()
90 () 90 () 90 () 90 ()
90 () 90 () 90 () 90 ()
90 () 90 () 90 () 90 ()
10 10 10 10 10 10 10 10
20 20 20 20 20 20 20 20
30 30 30 30 30 30 30 30
40 40 40 40 40 40 40 40
50 50 50 50 50 50 50 50
49 49 49 49 49 49 49 49
48 48 48 48 48 48 48 48
48 48 48 48 48 48 48 48
38 38 38 38 38 38 38 38
38 38 38 38 38 38 38 38
28 28 28 28 28 28 28 28
18 18 18 18 18 18 18 18
08 08 08 08 08 08 08 08
08 08 08 08 08 08 08 08
09 09 09 09 09 09 09 09
90 () 90 () 90 () 90 ()
90 () 90 () 90 () 90 ()
90 () 90 () 90 () 90 ()
90 () 90 () 90 () 90 ()
90 () 90 () 90 () 90 ()
90 () 90 () 90 () 90 ()
90 () 90 () 90 () 90 ()
90 () 90 () 90 () 90 ()
90 () 90 () 90 () 90 ()
90 () 90 () 90 () 90 ()
10 10 10 10 10 10 10 10
20 20 20 20 20 20 20 20
30 30 30 30 30 30 30 30
40 40 40 40 40 40 40 40
50 50 50 50 50 50 50 50
49 49 49 49 49 49 49 49
48 48 48 48 48 48 48 48
48 48 48 48 48 48 48 48
38 38 38 38 38 38 38 38
38 38 38 38 38 38 38 38
28 28 28 28 28 28 28 28
18 18 18 18 18 18 18 18
08 08 08 08 08 08 08 08
08 08 08 08 08 08 08 08
09 09 09 09 09 09 09 09
90 () 90 () 90 () 90 ()
90 () 90 () 90 () 90 ()
90 () 90 () 90 () 90 ()
90 () 90 () 90 () 90 ()
90 () 90 () 90 () 90 ()
90 () 90 () 90 () 90 ()
90 () 90 () 90 () 90 ()
90 () 90 () 90 () 90 ()
90 () 90 () 90 () 90 ()
90 () 90 () 90 () 90 ()
10 10 10 10 10 10 10 10
20 20 20 20 20 20 20 20
30 30 30 30 30 30 30 30
40 40 40 40 40 40 40 40
50 50 50 50 50 50 50 50
49 49 49 49 49 49 49 49
48 48 48 48 48 48 48 48
48 48 48 48 48 48 48 48
38 38 38 38 38 38 38 38
38 38 38 38 38 38 38 38
28 28 28 28 28 28 28 28
18 18 18 18 18 18 18 18
08 08 08 08 08 08 08 08
08 08 08 08 08 08 08 08
09 09 09 09 09 09 09 09
90 () 90 () 90 () 90 ()
90 () 90 () 90 () 90 ()
90 () 90 () 90 () 90 ()
90 () 90 () 90 () 90 ()
90 () 90 () 90 () 90 ()
90 () 90 () 90 () 90 ()
90 () 90 () 90 () 90 ()
90 () 90 () 90 () 90 ()
90 () 90 () 90 () 90 ()
90 () 90 () 90 () 90 ()
10 10 10 10 10 10 10 10
20 20 20 20 20 20 20 20
30 30 30 30 30 30 30 30
40 40 40 40 40 40 40 40
50 50 50 50 50 50 50 50
49 49 49 49 49 49 49 49
48 48 48 48 48 48 48 48
48 48 48 48 48 48 48 48
38 38 38 38 38 38 38 38
38 38 38 38 38 38 38 38
28 28 28 28 28 28 28 28
18 18 18 18 18 18 18 18
08 08 08 08 08 08 08 08
08 08 08 08 08 08 08 08
09 09 09 09 09 09 09 09
90 () 90 () 90 () 90 ()
90 () 90 () 90 () 90 ()
90 () 90 () 90 () 90 ()
90 () 90 () 90 () 90 ()
90 () 90 () 90 () 90 ()
90 () 90 () 90 () 90 ()
90 () 90 () 90 () 90 ()
90 () 90 () 90 () 90 ()
90 () 90 () 90 () 90 ()
90 () 90 () 90 () 90 ()
10 10 10 10 10 10 10 10
20 20 20 20 20 20 20 20
30 30 30 30 30 30 30 30
40 40 40 40 40 40 40 40
50 50 50 50 50 50 50 50
49 49 49 49 49 49 49 49
48 48 48 48 48 48 48 48
48 48 48 48 48 48 48 48
38 38 38 38 38 38 38 38
38 38 38 38 38 38 38 38
28 28 28 28 28 28 28 28
18 18 18 18 18 18 18 18
08 08 08 08 08 08 08 08
08 08 08 08 08 08 08 08
09 09 09 09 09 09 09 09
90 () 90 () 90 () 90 ()
90 () 90 () 90 () 90 ()
90 () 90 () 90 () 90 ()
90 () 90 () 90 () 90 ()
90 () 90 () 90 () 90 ()
90 () 90 () 90 () 90 ()
90 () 90 () 90 () 90 ()
90 () 90 () 90 () 90 ()
90 () 90 () 90 () 90 ()
90 () 90 () 90 () 90 ()
10 10 10 10 10 10 10 10
20 20 20 20 20 20 20 20
30 30 30 30 30 30 30 30
40 40 40 40 40 40 40 40
50 50 50 50 50 50 50 50
49 49 49 49 49 49 49 49
48 48 48 48 48 48 48 48
48 48 48 48 48 48 48 48
38 38 38 38 38 38 38 38
38 38 38 38 38 38 38 38
28 28 28 28 28 28 28 28
18 18 18 18 18 18 18 18
08 08 08 08 08 08 08 08
08 08 08 08 08 08 08 08
09 09 09 09 09 09 09 09
90 () 90 () 90 () 90 ()
90 () 90 () 90 () 90 ()
90 () 90 () 90 () 90 ()
90 () 90 () 90 () 90 ()
90 () 90 () 90 () 90 ()
90 () 90 () 90 () 90 ()
90 () 90 () 90 () 90 ()
90 () 90 () 90 () 90 ()
90 () 90 () 90 () 90 ()
90 () 90 () 90 () 90 ()
10 10 10 10 10 10 10 10
20 20 20 20 20 20 20 20
30 30 30 30 30 30 30 30
40 40 40 40 40 40 40 40
50 50 50 50 50 50 50 50
49 49 49 49 49 49 49 49
48 48 48 48 48 48 48 48
48 48 48 48 48 48 48 48
38 38 38 38 38 38 38 38
38 38 38 38 38 38 38 38
28 28 28 28 28 28 28 28
18 18 18 18 18 18 18 18
08 08 08 08 08 08 08 08
08 08 08 08 08 08 08 08
09 09 09 09 09 09 09 09
90 () 90 () 90 () 90 ()
90 () 90 () 90 () 90 ()
90 () 90 () 90 () 90 ()
90 () 90 () 90 () 90 ()
90 () 90 () 90 () 90 ()
90 () 90 () 90 () 90 ()
90 () 90 () 90 () 90 ()
90 () 90 () 90 () 90 ()
90 () 90 () 90 () 90 ()
90 () 90 () 90 () 90 ()
10 10 10 10 10 10 10 10
20 20 20 20 20 20 20 20
30 30 30 30 30 30 30 30
40 40 40 40 40 40 40 40
50 50 50 50 50 50 50 50
49 49 49 49 49 49 49 49
48 48 48 48 48 48 48 48
48 48 48 48 48 48 48 48
38 38 38 38 38 38 38 38
38 38 38 38 38 38 38 38
28 28 28 28 28 28 28 28
18 18 18 18 18 18 18 18
08 08 08 08 08 08 08 08
08 08 08 08 08 08 08 08
09 09 09 09 09 09 09 09
90 () 90 () 90 () 90 ()
90 () 90 () 90 () 90 ()
90 () 90 () 90 () 90 ()
90 () 90 () 90 () 90 ()
90 () 90 () 90 () 90 ()
90 () 90 () 90 () 90 ()
90 () 90 () 90 () 90 ()
90 () 90 () 90 () 90 ()
90 () 90 () 90 () 90 ()
90 () 90 () 90 () 90 ()
10 10 10 10 10 10 10 10
20 20 20 20 20 20 20 20
30 30 30 30 30 30 30 30
40 40 40 40 40 40 40 40
50 50 50 50 50 50 50 50
49 49 49 49 49 49 49 49
48 48 48 48 48 48 48 48
48 48 48 48 48 48 48 48
38 38 38 38 38 38 38 38
38 38 38 38 38 38 38 38
28 28 28 28 28 28 28 28
18 18 18 18 18 18 18 18
08 08 08 08 08 08 08 08
08 08 08 08 08 08 08 08
09 09 09 09 09 09 09 09
90 () 90 () 90 () 90 ()
90 () 90 () 90 () 90 ()
90 () 90 () 90 () 90 ()
90 () 90 () 90 () 90 ()
90 () 90 () 90 () 90 ()
90 () 90 () 90 () 90 ()
90 () 90 () 90 () 90 ()
90 () 90 () 90 () 90 ()
90 () 90 () 90 () 90 ()
90 () 90 () 90 () 90 ()
10 10 10 10 10 10 10 10
20 20 20 20 20 20 20 20
30 30 30 30 30 30 30 30
40 40 40 40 40 40 40 40
50 50 50 50 50 50 50 50
49 49 49 49 49 49 49 49
48 48 48 48 48 48 48 48
48 48 48 48 48 48 48 48
38 38 38 38 38 38 38 38
38 38 38 38 38 38 38 38
28 28 28 28 28 28 28 28
18 18 18 18 18 18 18 18
08 08 08 08 08 08 08 08
08 08 08 08 08 08 08 08
09 09 09 09 09 09 09 09
90 () 90 () 90 () 90 ()
90 () 90 () 90 () 90 ()
90 () 90 () 90 () 90 ()
90 () 90 () 90 () 90 ()
90 () 90 () 90 () 90 ()
90 () 90 () 90 () 90 ()
90 () 90 () 90 () 90 ()
90 () 90 () 90 () 90 ()
90 () 90 () 90 () 90 ()
90 () 90 () 90 () 90 ()
10 10 10 10 10 10 10 10
20 20 20 20 20 20 20 20
30 30 30 30 30 30 30 30
40 40 40 40 40 40 40 40
50 50 50 50 50 50 50 50
49 49 49 49 49 49 49 49
48 48 48 48 48 48 48 48
48 48 48 48 48 48 48 48
38 38 38 38 38 38 38 38
38 38 38 38 38 38 38 38
28 28 28 28 28 28 28 28
18 18 18 18 18 18 18 18
08 08 08 08 08 08 08 08
08 08 08 08 08 08 08 08
09 09 09 09 09 09 09 09
90 () 90 () 90 () 90 ()
90 () 90 () 90 () 90 ()
90 () 90 () 90 () 90 ()
90 () 90 () 90 () 90 ()
90 () 90 () 90 () 90 ()
90 () 90 () 90 () 90 ()
90 () 90 () 90 () 90 ()
90 () 90 () 90 () 90 ()
90 () 90 () 90 () 90 ()
90 () 90 () 90 () 90 ()
10 10 10 10 10 10 10 10
20 20 20 20 20 20 20 20
30 30 30 30 30 30 30 30
40 40 40 40 40 40 40 40
50 50 50 50 50 50 50 50
49 49 49 49 49 49 49 49
48 48 48 48 48 48 48 48
48 48 48 48 48 48 48 48
38 38 38 38 38 38 38 38
38 38 38 38 38 38 38 38
28 28 28 28 28 28 28 28
18 18 18 18 18 18 18 18
08 08 08 08 08 08 08 08
08 08 08 08 08 08 08 08
09 09 09 09 09 09 09 09
90 () 90 () 90 () 90 ()
90 () 90 () 90 () 90 ()
90 () 90 () 90 () 90 ()
90 () 90 () 90 () 90 ()
90 () 90 () 90 () 90 ()
90 () 90 () 90 () 90 ()
90 () 90 () 90 () 90 ()
90 () 90 () 90 () 90 ()
90 () 90 () 90 () 90 ()
90 () 90 () 90 () 90 ()
10 10 10 10 10 10 10 10
20 20 20 20 20 20 20 20
30 30 30 30 30 30 30 30
40 40 40 40 40 40 40 40
50 50 50 50 50 50 50 50
49 49 49 49 49 49 49 49
48 48 48 48 48 48 48 48
48 48 48 48 48 48 48 48
38 38 38 38 38 38 38 38
38 38 38 38 38 38 38 38
28 28 28 28 28 28 28 28
18 18 18 18 18 18 18 18
08 08 08 08 08 08 08 08
08 08 08 08 08 08 08 08
09 09 09 09 09 09 09 09
90 () 90 () 90 () 90 ()
90 () 90 () 90 () 90 ()
90 () 90 () 90 () 90 ()
90 () 90 () 90 () 90 ()
90 () 90 () 90 () 90 ()
90 () 90 () 90 () 90 ()
90 () 90 () 90 () 90 ()
90 () 90 () 90 () 90 ()
90 () 90 () 90 () 90 ()
90 () 90 () 90 () 90 ()
10 10 10 10 10 10 10 10
20 20 20 20 20 20 20 20
30 30 30 30 30 30 30 30
40 40 40 40 40 40 40 40
50 50 50 50 50 50 50 50
49 49 49 49 49 49 49 49
48 48 48 48 48 48 48 48
48 48 48 48 48 48 48 48
38 38 38 38 38 38 38 38
38 38 38 38 38 38 38 38
28 28 28 28 28 28 28 28
18 18 18 18 18 18 18 18
08 08 08 08 08 08 08 08
08 08 08 08 08 08 08 08
09 09 09 09 09 09 09 09
90 () 90 () 90 () 90 ()
90 () 90 () 90 () 90 ()
90 () 90 () 90 () 90 ()
90 () 90 () 90 () 90 ()
90 () 90 () 90 () 90 ()
90 () 90 () 90 () 90 ()
90 () 90 () 90 () 90 ()
90 () 90 () 90 () 90 ()
90 () 90 () 90 () 90 ()
90 () 90 () 90 () 90 ()
10 10 10 10 10 10 10 10
20 20 20 20 20 20 20 20
30 30 30 30 30 30 30 30
40 40 40 40 40 40 40 40
50 50 50 50 50 50 50 50
49 49 49 49 49 49 49 49
48 48 48 48 48 48 48 48
48 48 48 48 48 48 48 48
38 38 38 38 38 38 38 38
38 38 38 38 38 38 38 38
28 28 28 28 28 28 28 28
18 18 18 18 18 18 18 18
08 08 08 08 08 08 08 08
08 08 08 08 08 08 08 08
09 09 09 09 09 09 09 09
90 () 90 () 90 () 90 ()
90 () 90 () 90 () 90 ()
90 () 90 () 90 () 90 ()
90 () 90 () 90 () 90 ()
90 () 90 () 90 () 90 ()
90 () 90 () 90 () 90 ()
90 () 90 () 90 () 90 ()
90 () 90 () 90 () 90 ()
90 () 90 () 90 () 90 ()
90 () 90 () 90 () 90 ()
10 10 10 10 10 10 10 10
20 20 20 20 20 20 20 20
30 30 30 30 30 30 30 30
40 40 40 40 40 40 40 40
50 50 50 50 50 50 50 50
49 49 49 49 49 49 49 49
48 48 48 48 48 48 48 48
48 48 48 48 48 48 48 48
38 38 38 38 38 38 38 38
38 38 38 38 38 38 38 38
28 28 28 28 28 28 28 28
18 18 18 18 18 18 18 18
08 08 08 08 08 08 08 08
08 08 08 08 08 08 08 08
09 09 09 09 09 09 09 09
90 () 90 () 90 () 90 ()
90 () 90 () 90 () 90 ()
90 () 90 () 90 () 90 ()
90 () 90 () 90 () 90 ()
90 () 90 () 90 () 90 ()
90 () 90 () 90 () 90 ()
90 () 90 () 90 () 90 ()
90 () 90 () 90 () 90 ()
90 () 90 () 90 () 90 ()
90 () 90 () 90 () 90 ()
10 10 10 10 10 10 10 10
20 20 20 20 20 20 20 20
30 30 30 30 30 30 30 30
40 40 40 40 40 40 40 40
50 50 50 50 50 50 50 50
49 49 49 49 49 49 49 49
48 48 48 48 48 48 48 48
48 48 48 48 48 48 48 48
38 38 38 38 38 38 38 38
38 38 38 38 38 38 38 38
28 28 28 28 28 28 28 28
18 18 18 18 18 18 18 18
08 08 08 08 08 08 08 08
08 08 08 08 08 08 08 08
09 09 09 09 09 09 09 09
90 () 90 () 90 () 90 ()
90 () 90 () 90 () 90 ()
90 () 90 () 90 () 90 ()
90 () 90 () 90 () 90 ()
90 () 90 () 90 () 90 ()
90 () 90 () 90 () 90 ()
90 () 90 () 90 () 90 ()
90 () 90 () 90 () 90 ()
90 () 90 () 90 () 90 ()
90 () 90 () 90 () 90 ()
10 10 10 10 10 10 10 10
20 20 20 20 20 20 20 20
30 30 30 30 30 30 30 30
40 40 40 40 40 40 40 40
50 50 50 50 50 50 50 50
49 49 49 49 49 49 49 49
48 48 48 48 48 48 48 48
48 48 48 48 48 48 48 48
38 38 38 38 38 38 38 38
38 38 38 38 38 38 38 38
28 28 28 28 28 28 28 28
18 18 18 18 18 18 18 18
08 08 08 08 08 08 08 08
08 08 08 08 08 08 08 08
09 09 09 09 09 09 09 09
90 () 90 () 90 () 90 ()
90 () 90 () 90 () 90 ()
90 () 90 () 90 () 90 ()
90 () 90 () 90 () 90 ()
90 () 90 () 90 () 90 ()
90 () 90 () 90 () 90 ()
90 () 90 () 90 () 90 ()
90 () 90 () 90 () 90 ()
90 () 90 () 90 () 90 ()
90 () 90 () 90 () 90 ()
10 10 10 10 10 10 10 10
20 20 20 20 20 20 20 20
30 30 30 30 30 30 30 30
40 40 40 40 40 40 40 40
50 50 50 50 50 50 50 50
49 49 49 49 49 49 49 49
48 48 48 48 48 48 48 48
48 48 48 48 48 48 48 48
38 38 38 38 38 38 38 38
38 38 38 38 38 38 38 38
28 28 28 28 28 28 28 28
18 18 18 18 18 18 18 18
08 08 08 08 08 08 08 08
08 08 08 08 08 08 08 08
09 09 09 09 09 09 09 09
90 () 90 () 90 () 90 ()
90 () 90 () 90 () 90 ()
90 () 90 () 90 () 90 ()
90 () 90 () 90 () 90 ()
90 () 90 () 90 () 90 ()
90 () 90 () 90 () 90 ()
90 () 90 () 90 () 90 ()
90 () 90 () 90 () 90 ()
90 () 90 () 90 () 90 ()
90 () 90 () 90 () 90 ()
10 10 10 10 10 10 10 10
20 20 20 20 20 20 20 20
30 30 30 30 30 30 30 30
40 40 40 40 40 40 40 40
50 50 50 50 50 50 50 50
49 49 49 49 49 49 49 49
48 48 48 48 48 48 48 48
48 48 48 48 48 48 48 48
38 38 38 38 38 38 38 38
38 38 38 38 38 38 38 38
28 28 28 28 28 28 28 28
18 18 18 18 18 18 18 18
08 08 08 08 08 08 08 08
08 08 08 08 08 08 08 08
09 09 09 09 09 09 09 09
90 () 90 () 90 () 90 ()
90 () 90 () 90 () 90 ()
90 () 90 () 90 () 90 ()
90 () 90 () 90 () 90 ()
90 () 90 () 90 () 90 ()
90 () 90 () 90 () 90 ()
90 () 90 () 90 () 90 ()
90 () 90 () 90 () 90 ()
90 () 90 () 90 () 90 ()
90 () 90 () 90 () 90 ()
10 10 10 10 10 10 10 10
20 20 20 20 20 20 20 20
30 30 30 30 30 30 30 30
40 40 40 40 40 40 40 40
50 50 50 50 50 50 50 50
49 49 49 49 49 49 49 49
48 48 48 48 48 48 48 48
48 48 48 48 48 48 48 48
38 38 38 38 38 38 38 38
38 38 38 38 38 38 38 38
28 28 28 28 28 28 28 28
18 18 18 18 18 18 18 18
08 08 08 08 08 08 08 08
08 08 08 08 08 08 08 08
09 09 09 09 09 09 09 09
90 () 90 () 90 () 90 ()
90 () 90 () 90 () 90 ()
90 () 90 () 90 () 90 ()
90 () 90 () 90 () 90 ()
90 () 90 () 90 () 90 ()
90 () 90 () 90 () 90 ()
90 () 90 () 90 () 90 ()
90 () 90 () 90 () 90 ()
90 () 90 () 90 () 90 ()
90 () 90 () 90 () 90 ()
10 10 10 10 10 10 10 10
20 20 20 20 20 20 20 20
30 30 30 30 30 30 30 30
40 40 40 40 40 40 40 40
50 50 50 50 50 50 50 50
49 49 49 49 49 49 49 49
48 48 48 48 48 48 48 48
48 48 48 48 48 48 48 48
38 38 38 38 38 38 38 38
38 38 38 38 38 38 38 38
28 28 28 28 28 28 28 28
18 18 18 18 18 18 18 18
08 08 08 08 08 08 08 08
08 08 08 08 08 08 08 08
09 09 09 09 09 09 09 09
90 () 90 () 90 () 90 ()
90 () 90 () 90 () 90 ()
90 () 90 () 90 () 90 ()
90 () 90 () 90 () 90 ()
90 () 90 () 90 () 90 ()
90 () 90 () 90 () 90 ()
90 () 90 () 90 () 90 ()
90 () 90 () 90 () 90 ()
90 () 90 () 90 () 90 ()
90 () 90 () 90 () 90 ()
10 10 10 10 10 10 10 10
20 20 20 20 20 20 20 20
30 30 30 30 30 30 30 30
40 40 40 40 40 40 40 40
50 50 50 50 50 50 50 50
49 49 49 49 49 49 49 49
48 48 48 48 48 48 48 48
48 48 48 48 48 48 48 48
38 38 38 38 38 38 38 38
38 38 38 38 38 38 38 38
28 28 28 28 28 28 28 28
18 18 18 18 18 18 18 18
08 08 08 08 08 08 08 08
08 08 08 08 08 08 08 08
09 09 09 09 09 09 09 09
90 () 90 () 90 () 90 ()
90 () 90 () 90 () 90 ()
90 () 90 () 90 () 90 ()
90 () 90 () 90 () 90 ()
90 () 90 () 90 () 90 ()
90 () 90 () 90 () 90 ()
90 () 90 () 90 () 90 ()
90 () 90 () 90 () 90 ()
90 () 90 () 90 () 90 ()
90 () 90 () 90 () 90 ()
10 10 10 10 10 10 10 10
20 20 20 20 20 20 20 20
30 30 30 30 30 30 30 30
40 40 40 40 40 40 40 40
50 50 50 50 50 50 50 50
49 49 49 49 49 49 49 49
48 48 48 48 48 48 48 48
48 48 48 48 48 48 48 48
38 38 38 38 38 38 38 38
38 38 38 38 38 38 38 38
28 28 28 28 28 28 28 28
18 18 18 18 18 18 18 18
08 08 08 08 08 08 08 08
08 08 08 08 08 08 08 08
09 09 09 09 09 09 09 09
90 () 90 () 90 () 90 ()
90 () 90 () 90 () 90 ()
90 () 90 () 90 () 90 ()
90 () 90 () 90 () 90 ()
90 () 90 () 90 () 90 ()
90 () 90 () 90 () 90 ()
90 () 90 () 90 () 90 ()
90 () 90 () 90 () 90 ()
90 () 90 () 90 () 90 ()
90 () 90 () 90 () 90 ()
10 10 10 10 10 10 10 10
20 20 20 20 20 20 20 20
30 30 30 30 30 30 30 30
40 40 40 40 40 40 40 40
50 50 50 50 50 50 50 50
49 49 49 49 49 49 49 49
48 48 48 48 48 48 48 48
48 48 48 48 48 48 48 48
38 38 38 38 38 38 38 38
38 38 38 38 38 38 38 38
28 28 28 28 28 28 28 28
18 18 18 18 18 18 18 18
08 08 08 08 08 08 08 08
08 08 08 08 08 08 08 08
09 09 09 09 09 09 09 09
90 () 90 () 90 () 90 ()
90 () 90 () 90 () 90 ()
90 () 90 () 90 () 90 ()
90 () 90 () 90 () 90 ()
90 () 90 () 90 () 90 ()
90 () 90 () 90 () 90 ()
90 () 90 () 90 () 90 ()
90 () 90 () 90 () 90 ()
90 () 90 () 90 () 90 ()
90 () 90 () 90 () 90 ()
10 10 10 10 10 10 10 10
20 20 20 20 20 20 20 20
30 30 30 30 30 30 30 30
40 40 40 40 40 40 40 40
50 50 50 50 50 50 50 50
49 49 49 49 49 49 49 49
48 48 48 48 48 48 48 48
48 48 48 48 48 48 48 48
38 38 38 38 38 38 38 38
38 38 38 38 38 38 38 38
28 28 28 28 28 28 28 28
18 18 18 18 18 18 18 18
08 08 08 08 08 08 08 08
08 08 08 08 08 08 08 08
09 09 09 09 09 09 09 09
90 () 90 () 90 () 90 ()
90 () 90 () 90 () 90 ()
90 () 90 () 90 () 90 ()
90 () 90 () 90 () 90 ()
90 () 90 () 90 () 90 ()
90 () 90 () 90 () 90 ()
90 () 90 () 90 () 90 ()
90 () 90 () 90 () 90 ()
90 () 90 () 90 () 90 ()
90 () 90 () 90 () 90 ()
10 10 10 10 10 10 10 10
20 20 20 20 20 20 20 20
30 30 30 30 30 30 30 30
40 40 40 40 40 40 40 40
50 50 50 50 50 50 50 50
49 49 49 49 49 49 49 49
48 48 48 48 48 48 48 48
48 48 48 48 48 48 48 48
38 38 38 38 38 38 38 38
38 38 38 38 38 38 38 38
28 28 28 28 28 28 28 28
18 18 18 18 18 18 18 18
08 08 08 08 08 08 08 08
08 08 08 08 08 08 08 08
09 09 09 09 09 09 09 09
90 () 90 () 90 () 90 ()
90 () 90 () 90 () 90 ()
90 () 90 () 90 () 90 ()
90 () 90 () 90 () 90 ()
90 () 90 () 90 () 90 ()
90 () 90 () 90 () 90 ()
90 () 90 () 90 () 90 ()
90 () 90 () 90 () 90 ()
90 () 90 () 90 () 90 ()
90 () 90 () 90 () 90 ()
10 10 10 10 10 10 10 10
20 20 20 20 20 20 20 20
30 30 30 30 30 30 30 30
40 40 40 40 40 40 40 40
50 50 50 50 50 50 50 50
49 49 49 49 49 49 49 49
48 48 48 48 48 48 48 48
48 48 48 48 48 48 48 48
38 38 38 38 38 38 38 38
38 38 38 38 38 38 38 38
28 28 28 28 28 28 28 28
18 18 18 18 18 18 18 18
08 08 08 08 08 08 08 08
08 08 08 08 08 08 08 08
09 09 09 09 09 09 09 09
90 () 90 () 90 () 90 ()
90 () 90 () 90 () 90 ()
90 () 90 () 90 () 90 ()
90 () 90 () 90 () 90 ()
90 () 90 () 90 () 90 ()
90 () 90 () 90 () 90 ()
90 () 90 () 90 () 90 ()
90 () 90 () 90 () 90 ()
90 () 90 () 90 () 90 ()
90 () 90 () 90 () 90 ()
10 10 10 10 10 10 10 10
20 20 20 20 20 20 20 20
30 30 30 30 30 30 30 30
40 40 40 40 40 40 40 40
50 50 50 50 50 50 50 50
49 49 49 49 49 49 49 49
48 48 48 48 48 48 48 48
48 48 48 48 48 48 48 48
38 38 38 38 38 38 38 38
38 38 38 38 38 38 38 38
28 28 28 28 28 28 28 28
18 18 18 18 18 18 18 18
08 08 08 08 08 08 08 08
08 08 08 08 08 08 08 08
09 09 09 09 09 09 09 09
90 () 90 () 90 () 90 ()
90 () 90 () 90 () 90 ()
90 () 90 () 90 () 90 ()
90 () 90 () 90 () 90 ()
90 () 90 () 90 () 90 ()
90 () 90 () 90 () 90 ()
90 () 90 () 90 () 90 ()
90 () 90 () 90 () 90 ()
90 () 90 () 90 () 90 ()
90 () 90 () 90 () 90 ()
10 10 10 10 10 10 10 10
20 20 20 20 20 20 20 20
30 30 30 30 30 30 30 30
40 40 40 40 40 40 40 40
50 50 50 50 50 50 50 50
49 49 49 49 49 49 49 49
48 48 48 48 48 48 48 48
48 48 48 48 48 48 48 48
38 38 38 38 38 38 38 38
38 38 38 38 38 38 38 38
28 28 28 28 28 28 28 28
18 18 18 18 18 18 18 18
08 08 08 08 08 08 08 08
08 08 08 08 08 08 08 08
09 09 09 09 09 09 09 09
90 () 90 () 90 () 90 ()
90 () 90 () 90 () 90 ()
90 () 90 () 90 () 90 ()
90 () 90 () 90 () 90 ()
90 () 90 () 90 () 90 ()
90 () 90 () 90 () 90 ()
90 () 90 () 90 () 90 ()
90 () 90 () 90 () 90 ()
90 () 90 () 90 () 90 ()
90 () 90 () 90 () 90 ()
10 10 10 10 10 10 10 10
20 20 20 20 20 20 20 20
30 30 30 30 30 30 30 30
40 40 40 40 40 40 40 40
50 50 50 50 50 50 50 50
49 49 49 49 49 49 49 49
48 48 48 48 48 48 48 48
48 48 48 48 48 48 48 48
38 38 38 38 38 38 38 38
38 38 38 38 38 38 38 38
28 28 28 28 28 28 28 28
18 18 18 18 18 18 18 18
08 08 08 08 08 08 08 08
08 08 08 08 08 08 08 08
09 09 09 09 09 09 09 09
90 () 90 () 90 () 90 ()
90 () 90 () 90 () 90 ()
90 () 90 () 90 () 90 ()
90 () 90 () 90 () 90 ()
90 () 90 () 90 () 90 ()
90 () 90 () 90 () 90 ()
90 () 90 () 90 () 90 ()
90 () 90 () 90 () 90 ()
90 () 90 () 90 () 90 ()
90 () 90 () 90 () 90 ()
10 10 10 10 10 10 10 10
20 20 20 20 20 20 20 20
30 30 30 30 30 30 30 30
40 40 40 40 40 40 40 40
50 50 50 50 50 50 50 50
49 49 49 49 49 49 49 49
48 48 48 48 48 48 48 48
48 48 48 48 48 48 48 48
38 38 38 38 38 38 38 38
38 38 38 38 38 38 38 38
28 28 28 28 28 28 28 28
18 18 18 18 18 18 18 18
08 08 08 08 08 08 08 08
08 08 08 08 08 08 08 08
09 09 09 09 09 09 09 09
90 () 90 () 90 () 90 ()
90 () 90 () 90 () 90 ()
90 () 90 () 90 () 90 ()
90 () 90 () 90 () 90 ()
90 () 90 () 90 () 90 ()
90 () 90 () 90 () 90 ()
90 () 90 () 90 () 90 ()
90 () 90 () 90 () 90 ()
90 () 90 () 90 () 90 ()
90 () 90 () 90 () 90 ()
10 10 10 10 10 10 10 10
20 20 20 20 20 20 20 20
30 30 30 30 30 30 30 30
40 40 40 40 40 40 40 40
50 50 50 50 50 50 50 50
49 49 49 49 49 49 49 49
48 48 48 48 48 48 48 48
48 48 48 48 48 48 48 48
38 38 38 38 38 38 38 38
38 38 38 38 38 38 38 38
28 28 28 28 28 28 28 28
18 18 18 18 18 18 18 18
08 08 08 08 08 08 08 08
08 08 08 08 08 08 08 08
09 09 09 09 09 09 09 09
90 () 90 () 90 () 90 ()
90 () 90 () 90 () 90 ()
90 () 90 () 90 () 90 ()
90 () 90 () 90 () 90 ()
90 () 90 () 90 () 90 ()
90 () 90 () 90 () 90 ()
90 () 90 () 90 () 90 ()
90 () 90 () 90 () 90 ()
90 () 90 () 90 () 90 ()
90 () 90 () 90 () 90 ()
10 10 10 10 10 10 10 10
20 20 20 20 20 20 20 20
30 30 30 30 30 30 30 30
40 40 40 40 40 40 40 40
50 50 50 50 50 50 50 50
49 49 49 49 49 49 49 49
48 48 48 48 48 48 48 48
48 48 48 48 48 48 48 48
38 38 38 38 38 38 38 38
38 38 38 38 38 38 38 38
28 28 28 28 28 28 28 28
18 18 18 18 18 18 18 18
08 08 08 08 08 08 08 08
08 08 08 08 08 08 08 08
09 09 09 09 09 09 09 09
90 () 90 () 90 () 90 ()
90 () 90 () 90 () 90 ()
90 () 90 () 90 () 90 ()
90 () 90 () 90 () 90 ()
90 () 90 () 90 () 90 ()
90 () 90 () 90 () 90 ()
90 () 90 () 90 () 90 ()
90 () 90 () 90 () 90 ()
90 () 90 () 90 () 90 ()
90 () 90 () 90 () 90 ()
10 10 10 10 10 10 10 10
20 20 20 20 20 20 20 20
30 30 30 30 30 30 30 30
40 40 40 40 40 40 40 40
50 50 50 50 50 50 50 50
49 49 49 49 49 49 49 49
48 48 48 48 48 48 48 48
48 48 48 48 48 48 48 48
38 38 38 38 38 38 38 38
38 38 38 38 38 38 38 38
28 28 28 28 28 28 28 28
18 18 18 18 18 18 18 18
08 08 08 08 08 08 08 08
08 08 08 08 08 08 08 08
09 09 09 09 09 09 09 09
90 () 90 () 90 () 90 ()
90 () 90 () 90 () 90 ()
90 () 90 () 90 () 90 ()
90 () 90 () 90 () 90 ()
90 () 90 () 90 () 90 ()
90 () 90 () 90 () 90 ()
90 () 90 () 90 () 90 ()
90 () 90 () 90 () 90 ()
90 () 90 () 90 () 90 ()
90 () 90 () 90 () 90 ()
10 10 10 10 10 10 10 10
20 20 20 20 20 20 20 20
30 30 30 30 30 30 30 30
40 40 40 40 40 40 40 40
50 50 50 50 50 50 50 50
49 49 49 49 49 49 49 49
48 48 48 48 48 48 48 48
48 48 48 48 48 48 48 48
38 38 38 38 38 38 38 38
38 38 38 38 38 38 38 38
28 28 28 28 28 28 28 28
18 18 18 18 18 18 18 18
08 08 08 08 08 08 08 08
08 08 08 08 08 08 08 08
09 09 09 09 09 09 09 09
90 () 90 () 90 () 90 ()
90 () 90 () 90 () 90 ()
90 () 90 () 90 () 90 ()
90 () 90 () 90 () 90 ()
90 () 90 () 90 () 90 ()
90 () 90 () 90 () 90 ()
90 () 90 () 90 () 90 ()
90 () 90 () 90 () 90 ()
90 () 90 () 90 () 90 ()
90 () 90 () 90 () 90 ()
10 10 10 10 10 10 10 10
20 20 20 20 20 20 20 20
30 30 30 30 30 30 30 30
40 40 40 40 40 40 40 40
50 50 50 50 50 50 50 50
49 49 49 49 49 49 49 49
48 48 48 48 48 48 48 48
48 48 48 48 48 48 48 48
38 38 38 38 38 38 38 38
38 38 38 38 38 38 38 38
28 28 28 28 28 28 28 28
18 18 18 18 18 18 18 18
08 08 08 08 08 08 08 08
08 08 08 08 08 08 08 08
09 09 09 09 09 09 09 09
90 () 90 () 90 () 90 ()
90 () 90 () 90 () 90 ()
90 () 90 () 90 () 90 ()
90 () 90 () 90 () 90 ()
90 () 90 () 90 () 90 ()
90 () 90 () 90 () 90 ()
90 () 90 () 90 () 90 ()
90 () 90 () 90 () 90 ()
90 () 90 () 90 () 90 ()
90 () 90 () 90 () 90 ()
10 10 10 10 10 10 10 10
20 20 20 20 20 20 20 20
30 30 30 30 30 30 30 30
40 40 40 40 40 40 40 40
50 50 50 50 50 50 50 50
49 49 49 49 49 49 49 49
48 48 48 48 48 48 48 48
48 48 48 48 48 48 48 48
38 38 38 38 38 38 38 38
38 38 38 38 38 38 38 38
28 28 28 28 28 28 28 28
18 18 18 18 18 18 18 18
08 08 08 08 08 08 08 08
08 08 08 08 08 08 08 08
09 09 09 09 09 09 09 09
90 () 90 () 90 () 90 ()
90 () 90 () 90 () 90 ()
90 () 90 () 90 () 90 ()
90 () 90 () 90 () 90 ()
90 () 90 () 90 () 90 ()
90 () 90 () 90 () 90 ()
90 () 90 () 90 () 90 ()
90 () 90 () 90 () 90 ()
90 () 90 () 90 () 90 ()
90 () 90 () 90 () 90 ()
10 10 10 10 10 10 10 10
20 20 20 20 20 20 20 20
30 30 30 30 30 30 30 30
40 40 40 40 40 40 40 40
50 50 50 50 50 50 50 50
49 49 49 49 49 49 49 49
48 48 48 48 48 48 48 48
48 48 48 48 48 48 48 48
38 38 38 38 38 38 38 38
38 38 38 38 38 38 38 38
28 28 28 28 28 28 28 28
18 18 18 18 18 18 18 18
08 08 08 08 08 08 08 08
08 08 08 08 08 08 08 08
09 09 09 09 09 09 09 09
90 () 90 () 90 () 90 ()
90 () 90 () 90 () 90 ()
90 () 90 () 90 () 90 ()
90 () 90 () 90 () 90 ()
90 () 90 () 90 () 90 ()
90 () 90 () 90 () 90 ()
90 () 90 () 90 () 90 ()
90 () 90 () 90 () 90 ()
90 () 90 () 90 () 90 ()
90 () 90 () 90 () 90 ()
10 10 10 10 10 10 10 10
20 20 20 20 20 20 20 20
30 30 30 30 30 30 30 30
40 40 40 40 40 40 40 40
50 50 50 50 50 50 50 50
49 49 49 49 49 49 49 49
48 48 48 48 48 48 48 48
48 48 48 48 48 48 48 48
38 38 38 38 38 38 38 38
38 38 38 38 38 38 38 38
28 28 28 28 28 28 28 28
18 18 18 18 18 18 18 18
08 08 08 08 08 08 08 08
08 08 08 08 08 08 08 08
09 09 09 09 09 09 09 09
90 () 90 () 90 () 90 ()
90 () 90 () 90 () 90 ()
90 () 90 () 90 () 90 ()
90 () 90 () 90 () 90 ()
90 () 90 () 90 () 90 ()
90 () 90 () 90 () 90 ()
90 () 90 () 90 () 90 ()
90 () 90 () 90 () 90 ()
90 () 90 () 90 () 90 ()
90 () 90 () 90 () 90 ()
10 10 10 10 10 10 10 10
20 20 20 20 20 20 20 20
30 30 30 30 30 30 30 30
40 40 40 40 40 40 40 40
50 50 50 50 50 50 50 50
49 49 49 49 49 49 49 49
48 48 48 48 48 48 48 48
48 48 48 48 48 48 48 48
38 38 38 38 38 38 38 38
38 38 38 38 38 38 38 38
28 28 28 28 28 28 28 28
18 18 18 18 18 18 18 18
08 08 08 08 08 08 08 08
08 08 08 08 08 08 08 08
09 09 09 09 09 09 09 09
90 () 90 () 90 () 90 ()
90 () 90 () 90 () 90 ()
90 () 90 () 90 () 90 ()
90 () 90 () 90 () 90 ()
90 () 90 () 90 () 90 ()
90 () 90 () 90 () 90 ()
90 () 90 () 90 () 90 ()
90 () 90 () 90 () 90 ()
90 () 90 () 90 () 90 ()
90 () 90 () 90 () 90 ()
10 10 10 10 10 10 10 10
20 20 20 20 20 20 20 20
30 30 30 30 30 30 30 30
40 40 40 40 40 40 40 40
50 50 50 50 50 50 50 50
49 49 49 49 49 49 49 49
48 48 48 48 48 48 48 48
48 48 48 48 48 48 48 48
38 38 38 38 38 38 38 38
38 38 38 38 38 38 38 38
28 28 28 28 28 28 28 28
18 18 18 18 18 18 18 18
08 08 08 08 08 08 08 08
08 08 08 08 08 08 08 08
09 09 09 09 09 09 09 09
90 () 90 () 90 () 90 ()
90 () 90 () 90 () 90 ()
90 () 90 () 90 () 90 ()
90 () 90 () 90 () 90 ()
90 () 90 () 90 () 90 ()
90 () 90 () 90 () 90 ()
90 () 90 () 90 () 90 ()
90 () 90 () 90 () 90 ()
90 () 90 () 90 () 90 ()
90 () 90 () 90 () 90 ()
10 10 10 10 10 10 10 10
20 20 20 20 20 20 20 20
30 30 30 30 30 30 30 30
40 40 40 40 40 40 40 40
50 50 50 50 50 50 50 50
49 49 49 49 49 49 49 49
48 48 48 48 48 48 48 48
48 48 48 48 48 48 48 48
38 38 38 38 38 38 38 38
38 38 38 38 38 38 38 38
28 28 28 28 28 28 28 28
18 18 18 18 18 18 18 18
08 08 08 08 08 08 08 08
08 08 08 08 08 08 08 08
09 09 09 09 09 09 09 09
90 () 90 () 90 () 90 ()
90 () 90 () 90 () 90 ()
90 () 90 () 90 () 90 ()
90 () 90 () 90 () 90 ()
90 () 90 () 90 () 90 ()
90 () 90 () 90 () 90 ()
90 () 90 () 90 () 90 ()
90 () 90 () 90 () 90 ()
90 () 90 () 90 () 90 ()
90 () 90 () 90 () 90 ()
10 10 10 10 10 10 10 10
20 20 20 20 20 20 20 20
30 30 30 30 30 30 30 30
40 40 40 40 40 40 40 40
50 50 50 50 50 50 50 50
49 49 49 49 49 49 49 49
48 48 48 48 48 48 48 48
48 48 48 48 48 48 48 48
38 38 38 38 38 38 38 38
38 38 38 38 38 38 38 38
28 28 28 28 28 28 28 28
18 18 18 18 18 18 18 18
08 08 08 08 08 08 08 08
08 08 08 08 08 08 08 08
09 09 09 09 09 09 09 09
90 () 90 () 90 () 90 ()
90 () 90 () 90 () 90 ()
90 () 90 () 90 () 90 ()
90 () 90 () 90 () 90 ()
90 () 90 () 90 () 90 ()
90 () 90 () 90 () 90 ()
90 () 90 () 90 () 90 ()
90 () 90 () 90 () 90 ()
90 () 90 () 90 () 90 ()
90 () 90 () 90 () 90 ()
10 10 10 10 10 10 10 10
20 20 20 20 20 20 20 20
30 30 30 30 30 30 30 30
40 40 40 40 40 40 40 40
50 50 50 50 50 50 50 50
49 49 49 49 49 49 49 49
48 48 48 48 48 48 48 48
48 48 48 48 48 48 48 48
38 38 38 38 38 38 38 38
38 38 38 38 38 38 38 38
28 28 28 28 28 28 28 28
18 18 18 18 18 18 18 18
08 08 08 08 08 08 08 08
08 08 08 08 08 08 08 08
09 09 09 09 09 09 09 09
90 () 90 () 90 () 90 ()
90 () 90 () 90 () 90 ()
90 () 90 () 90 () 90 ()
90 () 90 () 90 () 90 ()
90 () 90 () 90 () 90 ()
90 () 90 () 90 () 90 ()
90 () 90 () 90 () 90 ()
90 () 90 () 90 () 90 ()
90 () 90 () 90 () 90 ()
90 () 90 () 90 () 90 ()
10 10 10 10 10 10 10 10
20 20 20 20 20 20 20 20
30 30 30 30 30 30 30 30
40 40 40 40 40 40 40 40
50 50 50 50 50 50 50 50
49 49 49 49 49 49 49 49
48 48 48 48 48 48 48 48
48 48 48 48 48 48 48 48
38 38 38 38 38 38 38 38
38 38 38 38 38 38 38 38
28 28 28 28 28 28 28 28
18 18 18 18 18 18 18 18
08 08 08 08 08 08 08 08
08 08 08 08 08 08 08 08
09 09 09 09 09 09 09 09
90 () 90 () 90 () 90 ()
90 () 90 () 90 () 90 ()
90 () 90 () 90 () 90 ()
90 () 90 () 90 () 90 ()
90 () 90 () 90 () 90 ()
90 () 90 () 90 () 90 ()
90 () 90 () 90 () 90 ()
90 () 90 () 90 () 90 ()
90 () 90 () 90 () 90 ()
90 () 90 () 90 () 90 ()
10 10 10 10 10 10 10 10
20 20 20 20 20 20 20 20
30 30 30 30 30 30 30 30
40 40 40 40 40 40 40 40
50 50 50 50 50 50 50 50
49 49 49 49 49 49 49 49
48 48 48 48 48 48 48 48
48 48 48 48 48 48 48 48
38 38 38 38 38 38 38 38
38 38 38 38 38 38 38 38
28 28 28 28 28 28 28 28
18 18 18 18 18 18 18 18
08 08 08 08 08 08 08 08
08 08 08 08 08 08 08 08
09 09 09 09 09 09 09 09
90 () 90 () 90 () 90 ()
90 () 90 () 90 () 90 ()
90 () 90 () 90 () 90 ()
90 () 90 () 90 () 90 ()
90 () 90 () 90 () 90 ()
90 () 90 () 90 () 90 ()
90 () 90 () 90 () 90 ()
90 () 90 () 90 () 90 ()
90 () 90 () 90 () 90 ()
90 () 90 () 90 () 90 ()
10 10 10 10 10 10 10 10
20 20 20 20 20 20 20 20
30 30 30 30 30 30 30 30
40 40 40 40 40 40 40 40
50 50 50 50 50 50 50 50
49 49 49 49 49 49 49 49
48 48 48 48 48 48 48 48
48 48 48 48 48 48 48 48
38 38 38 38 38 38 38 38
38 38 38 38 38 38 38 38
28 28 28 28 28 28 28 28
18 18 18 18 18 18 18 18
08 08 08 08 08 08 08 08
08 08 08 08 08 08 08 08
09 09 09 09 09 09 09 09
90 () 90 () 90 () 90 ()
90 () 90 () 90 () 90 ()
90 () 90 () 90 () 90 ()
90 () 90 () 90 () 90 ()
90 () 90 () 90 () 90 ()
90 () 90 () 90 () 90 ()
90 () 90 () 90 () 90 ()
90 () 90 () 90 () 90 ()
90 () 90 () 90 () 90 ()
90 () 90 () 90 () 90 ()
10 10 10 10 10 10 10 10
20 20 20 20 20 20 20 20
30 30 30 30 30 30 30 30
40 40 40 40 40 40 40 40
50 50 50 50 50 50 50 50
49 49 49 49 49 49 49 49
48 48 48 48 48 48 48 48
48 48 48 48 48 48 48 48
38 38 38 38 38 38 38 38
38 38 38 38 38 38 38 38
28 28 28 28 28 28 28 28
18 18 18 18 18 18 18 18
08 08 08 08 08 08 08 08
08 08 08 08 08 08 08 08
09 09 09 09 09 09 09 09
90 () 90 () 90 () 90 ()
90 () 90 () 90 () 90 ()
90 () 90 () 90 () 90 ()
90 () 90 () 90 () 90 ()
90 () 90 () 90 () 90 ()
90 () 90 () 90 () 90 ()
90 () 90 () 90 () 90 ()
90 () 90 () 90 () 90 ()
90 () 90 () 90 () 90 ()
90 () 90 () 90 () 90 ()
10 10 10 10 10 10 10 10
20 20 20 20 20 20 20 20
30 30 30 30 30 30 30 30
40 40 40 40 40 40 40 40
50 50 50 50 50 50 50 50
49 49 49 49 49 49 49 49
48 48 48 48 48 48 48 48
48 48 48 48 48 48 48 48
38 38 38 38 38 38 38 38
38 38 38 38 38 38 38 38
28 28 28 28 28 28 28 28
18 18 18 18 18 18 18 18
08 08 08 08 08 08 08 08
08 08 08 08 08 08 08 08
09 09 09 09 09 09 09 09
90 () 90 () 90 () 90 ()
90 () 90 () 90 () 90 ()
90 () 90 () 90 () 90 ()
90 () 90 () 90 () 90 ()
90 () 90 () 90 () 90 ()
90 () 90 () 90 () 90 ()
90 () 90 () 90 () 90 ()
90 () 90 () 90 () 90 ()
90 () 90 () 90 () 90 ()
90 () 90 () 90 () 90 ()
10 10 10 10 10 10 10 10
20 20 20 20 20 20 20 20
30 30 30 30 30 30 30 30
40 40 40 40 40 40 40 40
50 50 50 50 50 50 50 50
49 49 49 49 49 49 49 49
48 48 48 48 48 48 48 48
48 48 48 48 48 48 48 48
38 38 38 38 38 38 38 38
38 38 38 38 38 38 38 38
28 28 28 28 28 28 28 28
18 18 18 18 18 18 18 18
08 08 08 08 08 08 08 08
08 08 08 08 08 08 08 08
09 09 09 09 09 09 09 09
90 () 90 () 90 () 90 ()
90 () 90 () 90 () 90 ()
90 () 90 () 90 () 90 ()
90 () 90 () 90 () 90 ()
90 () 90 () 90 () 90 ()
90 () 90 () 90 () 90 ()
90 () 90 () 90 () 90 ()
90 () 90 () 90 () 90 ()
90 () 90 () 90 () 90 ()
90 () 90 () 90 () 90 ()
10 10 10 10 10 10 10 10
20 20 20 20 20 20 20 20
30 30 30 30 30 30 30 30
40 40 40 40 40 40 40 40
50 50 50 50 50 50 50 50
49 49 49 49 49 49 49 49
48 48 48 48 48 48 48 48
48 48 48 48 48 48 48 48
38 38 38 38 38 38 38 38
38 38 38 38 38 38 38 38
28 28 28 28 28 28 28 28
18 18 18 18 18 18 18 18
08 08 08 08 08 08 08 08
08 08 08 08 08 08 08 08
09 09 09 09 09 09 09 09
90 () 90 () 90 () 90 ()
90 () 90 () 90 () 90 ()
90 () 90 () 90 () 90 ()
90 () 90 () 90 () 90 ()
90 () 90 () 90 () 90 ()
90 () 90 () 90 () 90 ()
90 () 90 () 90 () 90 ()
90 () 90 () 90 () 90 ()
90 () 90 () 90 () 90 ()
90 () 90 () 90 () 90 ()
10 10 10 10 10 10 10 10
20 20 20 20 20 20 20 20
30 30 30 30 30 30 30 30
40 40 40 40 40 40 40 40
50 50 50 50 50 50 50 50
49 49 49 49 49 49 49 49
48 48 48 48 48 48 48 48
48 48 48 48 48 48 48 48
38 38 38 38 38 38 38 38
38 38 38 38 38 38 38 38
28 28 28 28 28 28 28 28
18 18 18 18 18 18 18 18
08 08 08 08 08 08 08 08
08 08 08 08 08 08 08 08
09 09 09 09 09 09 09 09
90 () 90 () 90 () 90 ()
90 () 90 () 90 () 90 ()
90 () 90 () 90 () 90 ()
90 () 90 () 90 () 90 ()
90 () 90 () 90 () 90 ()
90 () 90 () 90 () 90 ()
90 () 90 () 90 () 90 ()
90 () 90 () 90 () 90 ()
90 () 90 () 90 () 90 ()
90 () 90 () 90 () 90 ()
10 10 10 10 10 10 10 10
20 20 20 20 20 20 20 20
30 30 30 30 30 30 30 30
40 40 40 40 40 40 40 40
50 50 50 50 50 50 50 50
49 49 49 49 49 49 49 49
48 48 48 48 48 48 48 48
48 48 48 48 48 48 48 48
38 38 38 38 38 38 38 38
38 38 38 38 38 38 38 38
28 28 28 28 28 28 28 28
18 18 18 18 18 18 18 18
08 08 08 08 08 08 08 08
08 08 08 08 08 08 08 08
09 09 09 09 09 09 09 09
90 () 90 () 90 () 90 ()
90 () 90 () 90 () 90 ()
90 () 90 () 90 () 90 ()
90 () 90 () 90 () 90 ()
90 () 90 () 90 () 90 ()
90 () 90 () 90 () 90 ()
90 () 90 () 90 () 90 ()
90 () 90 () 90 () 90 ()
90 () 90 () 90 () 90 ()
90 () 90 () 90 () 90 ()
10 10 10 10 10 10 10 10
20 20 20 20 20 20 20 20
30 30 30 30 30 30 30 30
40 40 40 40 40 40 40 40
50 50 50 50 50 50 50 50
49 49 49 49 49 49 49 49
48 48 48 48 48 48 48 48
48 48 48 48 48 48 48 48
38 38 38 38 38 38 38 38
38 38 38 38 38 38 38 38
28 28 28 28 28 28 28 28
18 18 18 18 18 18 18 18
08 08 08 08 08 08 08 08
08 08 08 08 08 08 08 08
09 09 09 09 09 09 09 09
90 () 90 () 90 () 90 ()
90 () 90 () 90 () 90 ()
90 () 90 () 90 () 90 ()
90 () 90 () 90 () 90 ()
90 () 90 () 90 () 90 ()
90 () 90 () 90 () 90 ()
90 () 90 () 90 () 90 ()
90 () 90 () 90 () 90 ()
90 () 90 () 90 () 90 ()
90 () 90 () 90 () 90 ()
10 10 10 10 10 10 10 10
20 20 20 20 20 20 20 20
30 30 30 30 30 30 30 30
40 40 40 40 40 40 40 40
50 50 50 50 50 50 50 50
49 49 49 49 49 49 49 49
48 48 48 48 48 48 48 48
48 48 48 48 48 48 48 48
38 38 38 38 38 38 38 38
38 38 38 38 38 38 38 38
28 28 28 28 28 28 28 28
18 18 18 18 18 18 18 18
08 08 08 08 08 08 08 08
08 08 08 08 08 08 08 08
09 09 09 09 09 09 09 09
90 () 90 () 90 () 90 ()
90 () 90 () 90 () 90 ()
90 () 90 () 90 () 90 ()
90 () 90 () 90 () 90 ()
90 () 90 () 90 () 90 ()
def name():
def name():
def name():
def name():
def name();
def name():
def name():
def name():
def name():
def name():
def name():
def mane():
def name():
def name():
def name():
def name():
def name():
def name():
def name():
def name():
def name():
def name():
def name():
def name():
def name():
def name():
() () () () () ()
() 90 () 90 () 90
() 90 () 90 () 90
() 90 () 90 () 90
() 90 () 90 () 90
() 90 () 90 () 90 
() 90 () 90 () 90
() 90 () 90 () 90
() 90 () 90 () 90
() 90 () 90 () 90
() 90 () 90 () 90
() 90 () 90 () 90
() 90 () 90 () 90
() 90 () 90 () 90
() 90 () 90 () 90
() 90 () 90 () 90 
() 90 () 90 () 90
() 90 () 90 () 90
() 90 () 90 () 90
10 10 10 10 10 10
20 20 20 20 20 20
30 30 30 30 30 30
40 40 40 40 40 40
40 40 40 40 40 40
50 50 50 50 50 50
50 50 50 50 50 50
51 51 51 51 51 51
52 52 52 52 52 52
53 53 53 53 53 53
54 54 54 54 54 54
54 54 54 54 54 54
54 54 54 54 54 54
54 54 54 54 54 54
54 54 54 54 54 54
54 54 54 54 54 54
54 54 54 54 54 54
54 54 54 54 54 54 
54 54 54 54 54 54
54 54 54 54 54 54
54 54 54 54 54 54 
54 54 54 54 54 54
54 54 54 54 54 54 
54 54 54 54 54 54
54 54 54 54 54 54
54 54 54 54 54 54
54 54 54 54 54 54
54 54 54 54 54 54
54 54 54 54 54 54
54 54 54 54 54 54
54 54 54 54 54 54
54 54 54 54 54 54
54 54 54 54 54 54 
54 54 54 54 54 54
54 54 54 54 54 54 
10 10 10 10 10 10
20 20 20 20 20 20
30 30 30 30 30 30
40 40 40 40 40 40
50 50 50 50 50 50
49 49 49 49 49 49
49 49 49 49 49 49
39 39 39 39 39 39
29 29 29 29 29 29
19 19 19 19 19 19
09 09 09 09 09 09
10 10 10 19 19 19
10 10 10 10 10 10
20 20 20 20 20 20
30 30 30 30 30 30
40 40 40 40 40 40
50 50 50 50 50 50
49 49 49 49 49 49
39 39 39 39 39 39
29 29 29 29 29 29
19 19 19 19 19 19
10 10 10 10 10 10
09 09 09 09 09 09
11 12 13 14 15 11
12345 12345 12345 
12345 12345 12345
() 90 () 90 () 90
() 90 () 90 () 90
() 90 () 90 () 90
() 90 () 90 () 90
() 90 () 90 () 90
() 90 () 90 () 90
() 90 () 90 () 90
() 90 () 90 () 90
() 90 () 90 () 90
10 10 10 10 10 10
20 20 20 20 20 20
30 30 30 30 30 30
40 40 40 40 40 40
50 50 50 50 50 50
#!/bin/bash
#!/bin/bash
#!/bin/bash
#!/bin/bash
#!/bin/bash
#!/bin/bash
#!/bin/bash\
10 10 10 10 10 10
20 20 20 20 20 20
30 30 30 30 30 30
40 40 40 40 40 40
50 50 50 50 50 50
#!/bin/bash
#!/bin/bash
#!/bin/bash
#!/bin/bash
#!/bin/bash
#!/bin/bash
#!/bin/bash\
10 10 10 10 10 10
20 20 20 20 20 20
30 30 30 30 30 30
40 40 40 40 40 40
50 50 50 50 50 50
#!/bin/bash
#!/bin/bash
#!/bin/bash
#!/bin/bash
#!/bin/bash
#!/bin/bash
#!/bin/bash\
10 10 10 10 10 10
20 20 20 20 20 20
30 30 30 30 30 30
40 40 40 40 40 40
50 50 50 50 50 50
#!/bin/bash
#!/bin/bash
#!/bin/bash
#!/bin/bash
#!/bin/bash
#!/bin/bash
#!/bin/bash\
10 10 10 10 10 10
20 20 20 20 20 20
30 30 30 30 30 30
40 40 40 40 40 40
50 50 50 50 50 50
#!/bin/bash
#!/bin/bash
#!/bin/bash
#!/bin/bash
#!/bin/bash
#!/bin/bash
#!/bin/bash\
10 10 10 10 10 10
20 20 20 20 20 20
30 30 30 30 30 30
40 40 40 40 40 40
50 50 50 50 50 50
#!/bin/bash
#!/bin/bash
#!/bin/bash
#!/bin/bash
#!/bin/bash
#!/bin/bash
#!/bin/bash\
10 10 10 10 10 10
20 20 20 20 20 20
30 30 30 30 30 30
40 40 40 40 40 40
50 50 50 50 50 50
#!/bin/bash
#!/bin/bash
#!/bin/bash
#!/bin/bash
#!/bin/bash
#!/bin/bash
#!/bin/bash\
10 10 10 10 10 10
20 20 20 20 20 20
30 30 30 30 30 30
40 40 40 40 40 40
50 50 50 50 50 50
#!/bin/bash
#!/bin/bash
#!/bin/bash
#!/bin/bash
#!/bin/bash
#!/bin/bash
#!/bin/bash\
10 10 10 10 10 10
20 20 20 20 20 20
30 30 30 30 30 30
40 40 40 40 40 40
50 50 50 50 50 50
#!/bin/bash
#!/bin/bash
#!/bin/bash
#!/bin/bash
#!/bin/bash
#!/bin/bash
#!/bin/bash\
10 10 10 10 10 10
20 20 20 20 20 20
30 30 30 30 30 30
40 40 40 40 40 40
50 50 50 50 50 50
#!/bin/bash
#!/bin/bash
#!/bin/bash
#!/bin/bash
#!/bin/bash
#!/bin/bash
#!/bin/bash
#!/bin/bash
#!/bin/bash
#!/bin/bash
#!/bin/bash
#!/bin/bash
#!/bin/bash
#!/bin/bash
#!/bin/bash
#!/bin/bash
#!/bin/bash
#!/bin/bash
#!/bin/bash
#!/bin/bash
#!/bin/bash
#!/bin/bash
#!/bin/bash
#!/bin/bash
#!/bin/bash
#!/bin/bash
#!/bin/bash
12345 12345 12345 12345
12345 12345 12345 12345
12345 12345 12345 12345
12345 12345 12345 12345
12345 12345 12345 12345
12345 12345 12345 12345
12345 12345 12345 12345
12345 12345 12345 12345
12345 12345 12345 12345
12345 12345 12345 12345
90 () 90 () 90 () 90 ()
90 () 90 () 90 () 90 ()
90 () 90 () 90 () 90 ()
90 () 90 () 90 () 90 ()
90 () 90 () 90 () 90 ()
90 () 90 () 90 () 90 ()
90 () 90 () 90 () 90 ()
90 () 90 () 90 () 90 ()
90 () 90 () 90 () 90 ()
90 () 90 () 90 () 90 ()
10 10 10 10 10 10 10 10
20 20 20 20 20 20 20 20
30 30 30 30 30 30 30 30
40 40 40 40 40 40 40 40
50 50 50 50 50 50 50 50
90 90 90 90 90 90 90 90
91 91 91 91 91 91 91 91
92 92 92 92 92 92 92 92
93 93 93 93 93 93 93 93
94 94 94 94 94 94 94 94
95 95 95 95 95 95 95 95
90 () 90 () 90 () 90 ()
11 11 11 11 11 11 11 11
12 12 12 12 12 12 12 12
22 22 22 22 22 22 22 22
21 21 21 21 21 21 21 21
23 23 23 23 23 23 23 23
23 23 23 23 23 23 23 23
34 34 34 34 34 34 34 34
34 34 34 34 34 34 34 34
35 35 35 35 35 35 35 35
35 35 35 35 35 35 35 35
35 35 35 35 35 35 35 35
35 35 35 35 35 35 35 35
35 35 35 35 35 35 35 35
35 35 35 35 35 35 35 35
34 34 34 34 34 34 34 34
34 34 34 34 34 34 34 34
23 23 23 23 23 23 23 23 
23 23 23 23 23 23 23 23
22 22 22 22 22 22 22 22 
21 21 21 21 21 21 21 21
21 21 21 21 21 21 21 21
11 11 11 11 11 11 11 11
10 10 10 10 10 10 10 10
10 10 10 10 10 10 10 10
20 20 20 20 20 20 20 20
30 30 30 30 30 30 30 30
40 40 40 40 40 40 40 40
50 50 50 50 50 50 50 50
50 50 50 50 50 50 50 50
90 90 90 90 90 90 90 90
90 90 90 90 90 90 90 90
90 90 90 90 90 90 90 90
90 90 90 90 90 90 90 90
() 90 () 90 () 90 () 90
() 90 () 90 () 90 () 90
() 90 () 90 () 90 () 90
() 90 () 90 () 90 () 90
() 90 () 90 () 90 () 90
() 90 () 90 () 90 () 90
() 90 () 90 () 90 () 90
() 90 () 90 () 90 () 90
() 90 () 90 () 90 () 90
() 90 90 90 90 90 90 90
90 90 90 90 90 90 90 90
80 80 80 80 80 80 80 80
80 80 80 80 80 80 80 80
80 80 80 80 80 80 80 80
80 80 80 80 80 80 80 80
80 80 80 80 80 80 80 80
90 80 90 80 90 80 90 80
90 80 90 80 90 80 90 80
90 80 90 80 90 80 90 80
90 80 90 80 90 80 90 80
90 80 90 80 90 80 90 80
89 89 89 89 89 89 89 89
89 89 89 89 89 89 89 89
89 89 89 89 89 89 89 89
89 89 89 89 89 89 89 89
89 89 89 89 89 89 89 89
89 89 89 89 89 89 89 89
89 89 89 89 89 89 89 89
89 89 89 89 89 89 89 89
() () () () () () () ()
() () () () () () () ()
() () () () () () () ()
() () () () () () () ()
() () () () () () () ()
() () () () () () () ()
() 90 () 90 () 90 () 90
90 () 90 () 90 () 90 ()
90 () 90 () 90 () 90 ()
90 () 90 () 90 () 90 ()
90 () 90 () 90 () 90 ()
89 89 89 89 89 89 89 89
89 89 89 89 89 89 89 89
89 89 89 89 89 89 89 89
89 89 89 89 89 89 89 89
89 89 89 89 89 89 89 89
8 * 8 * 89 * 89 * 89 *
89 * 89 * 89 * 89 * 89
89 * 89 * 89 * 89 * 89
89 * 89 * 89 * 89 * 89
89 * 89 * 89 * 89 * 89
89 * 89 * 89 * 89 * 89
89 * 89 * 89 * 89 * 89
89 * 89 * 89 * 89 * 89
89 * 89 * 89 * 89 * 89
89 * 89 * 89 * 89 * 89
89 * 89 * 89 * 89 * 89
89 * 89 * 89 * 89 * 89
89 * 89 * 89 * 89 * 89
89 * 89 * 89 * 89 * 8
89 * 89 * 89 * 89 * 89
() 90 () 90 () 90 () 90
() 90 () 90 () 90 () 90
() 90 () 90 () 90 () 90
90 () 90 () 90 () 90 ()
(*) (*) (*) (*) (*) (*)
(*) (*) (*) (*) (*) (*)
(*) (*) (*) (*) (*) (*)
(123) (123) (123) (123)
(123) (123) (123) (123)
(123) (123) (123) (123)
(123) (123) (123) (123)
(123) (123) (123) (123)
(123) (123) (123) (123)
(123) (123) (123) (123)
(123) (123) (123) (123)

